0,0.999672,0.000327,0.000000,0.000000
1,0.999641,0.000358,0.000000,0.000001
2,0.999608,0.000391,0.000000,0.000001
3,0.999573,0.000426,0.000000,0.000001
4,0.999538,0.000462,0.000000,0.000001
5,0.999501,0.000498,0.000000,0.000001
6,0.999463,0.000536,0.000000,0.000001
7,0.999422,0.000577,0.000000,0.000001
8,0.999376,0.000623,0.000000,0.000001
9,0.999326,0.000673,0.000000,0.000001
10,0.999272,0.000727,0.000000,0.000001
11,0.999213,0.000786,0.000000,0.000001
12,0.999148,0.000851,0.000000,0.000001
13,0.999076,0.000923,0.000000,0.000001
14,0.998996,0.001003,0.000000,0.000001
15,0.998910,0.001089,0.000000,0.000001
16,0.998817,0.001182,0.000000,0.000001
17,0.998718,0.001281,0.000000,0.000001
18,0.998611,0.001388,0.000000,0.000001
19,0.998495,0.001504,0.000000,0.000002
20,0.998370,0.001628,0.000000,0.000002
21,0.998238,0.001761,0.000000,0.000002
22,0.998098,0.001900,0.000000,0.000002
23,0.997951,0.002047,0.000000,0.000002
24,0.997796,0.002202,0.000000,0.000002
25,0.997631,0.002367,0.000000,0.000002
26,0.997455,0.002543,0.000000,0.000002
27,0.997268,0.002730,0.000000,0.000002
28,0.997071,0.002927,0.000000,0.000003
29,0.996859,0.003138,0.000000,0.000003
30,0.996625,0.003372,0.000000,0.000003
31,0.996362,0.003635,0.000000,0.000003
32,0.996065,0.003931,0.000000,0.000003
33,0.995738,0.004259,0.000000,0.000003
34,0.995384,0.004613,0.000000,0.000003
35,0.995010,0.004986,0.000000,0.000004
36,0.994620,0.005376,0.000000,0.000004
37,0.994220,0.005776,0.000000,0.000004
38,0.993819,0.006176,0.000000,0.000004
39,0.993426,0.006569,0.000000,0.000004
40,0.993038,0.006958,0.000000,0.000005
41,0.992637,0.007358,0.000000,0.000005
42,0.992200,0.007795,0.000000,0.000005
43,0.991707,0.008288,0.000000,0.000005
44,0.991146,0.008849,0.000000,0.000005
45,0.990527,0.009467,0.000000,0.000006
46,0.989876,0.010118,0.000000,0.000006
47,0.989207,0.010787,0.000000,0.000006
48,0.988508,0.011485,0.000000,0.000006
49,0.987760,0.012234,0.000000,0.000007
50,0.986948,0.013045,0.000000,0.000007
51,0.986070,0.013922,0.000000,0.000007
52,0.985134,0.014859,0.000000,0.000008
53,0.984151,0.015841,0.000000,0.000008
54,0.983112,0.016880,0.000000,0.000008
55,0.981999,0.017992,0.000000,0.000008
56,0.980803,0.019189,0.000000,0.000009
57,0.979520,0.020470,0.000000,0.000009
58,0.978155,0.021836,0.000000,0.000009
59,0.976703,0.023287,0.000000,0.000010
60,0.975156,0.024834,0.000000,0.000010
61,0.973505,0.026485,0.000000,0.000010
62,0.971747,0.028243,0.000000,0.000011
63,0.969870,0.030119,0.000000,0.000011
64,0.967871,0.032118,0.000000,0.000011
65,0.965762,0.034226,0.000000,0.000012
66,0.963576,0.036412,0.000000,0.000012
67,0.961348,0.038640,0.000000,0.000012
68,0.959071,0.040916,0.000000,0.000013
69,0.956726,0.043261,0.000000,0.000013
70,0.954321,0.045665,0.000000,0.000014
71,0.951856,0.048130,0.000000,0.000014
72,0.949307,0.050678,0.000000,0.000014
73,0.946620,0.053365,0.000000,0.000015
74,0.943770,0.056215,0.000000,0.000015
75,0.940811,0.059174,0.000000,0.000016
76,0.937842,0.062142,0.000000,0.000016
77,0.934899,0.065085,0.000000,0.000017
78,0.931940,0.068043,0.000000,0.000017
79,0.928918,0.071065,0.000000,0.000017
80,0.925840,0.074142,0.000000,0.000018
81,0.922770,0.077211,0.000000,0.000018
82,0.919732,0.080249,0.000000,0.000019
83,0.916715,0.083266,0.000000,0.000019
84,0.913735,0.086245,0.000000,0.000020
85,0.910840,0.089140,0.000000,0.000021
86,0.908040,0.091939,0.000000,0.000021
87,0.905268,0.094710,0.000000,0.000022
88,0.902464,0.097514,0.000000,0.000022
89,0.899648,0.100329,0.000000,0.000023
90,0.896935,0.103042,0.000000,0.000024
91,0.894363,0.105613,0.000000,0.000024
92,0.891907,0.108068,0.000000,0.000025
93,0.889503,0.110471,0.000000,0.000026
94,0.887061,0.112913,0.000000,0.000026
95,0.884509,0.115464,0.000000,0.000027
96,0.881837,0.118135,0.000000,0.000028
97,0.879105,0.120866,0.000000,0.000029
98,0.876349,0.123622,0.000000,0.000029
99,0.873542,0.126428,0.000000,0.000030
100,0.870630,0.129339,0.000000,0.000031
101,0.867682,0.132286,0.000000,0.000032
102,0.864805,0.135163,0.000000,0.000033
103,0.862101,0.137865,0.000000,0.000033
104,0.859635,0.140331,0.000000,0.000034
105,0.857386,0.142579,0.000000,0.000035
106,0.855233,0.144731,0.000000,0.000035
107,0.853002,0.146962,0.000000,0.000036
108,0.850600,0.149364,0.000000,0.000037
109,0.848053,0.151910,0.000000,0.000038
110,0.845499,0.154462,0.000000,0.000038
111,0.843123,0.156838,0.000000,0.000039
112,0.841022,0.158938,0.000000,0.000040
113,0.839194,0.160766,0.000000,0.000040
114,0.837516,0.162443,0.000000,0.000041
115,0.835849,0.164109,0.000000,0.000042
116,0.834068,0.165890,0.000000,0.000042
117,0.832057,0.167900,0.000000,0.000043
118,0.829753,0.170203,0.000000,0.000044
119,0.827188,0.172767,0.000000,0.000044
120,0.824447,0.175508,0.000000,0.000045
121,0.821683,0.178271,0.000000,0.000045
122,0.818967,0.180987,0.000000,0.000046
123,0.816267,0.183686,0.000000,0.000047
124,0.813627,0.186326,0.000000,0.000047
125,0.811101,0.188851,0.000000,0.000048
126,0.808660,0.191291,0.000000,0.000048
127,0.806253,0.193698,0.000000,0.000049
128,0.803920,0.196030,0.000000,0.000049
129,0.801684,0.198266,0.000000,0.000050
130,0.799402,0.200548,0.000000,0.000050
131,0.796875,0.203074,0.000000,0.000051
132,0.793992,0.205957,0.000000,0.000051
133,0.790797,0.209151,0.000000,0.000052
134,0.787387,0.212561,0.000000,0.000052
135,0.783820,0.216127,0.000000,0.000053
136,0.780108,0.219839,0.000000,0.000053
137,0.776274,0.223673,0.000000,0.000053
138,0.772439,0.227507,0.000000,0.000054
139,0.768653,0.231293,0.000000,0.000054
140,0.764795,0.235150,0.000000,0.000055
141,0.760751,0.239194,0.000000,0.000055
142,0.756596,0.243348,0.000000,0.000055
143,0.752436,0.247508,0.000000,0.000056
144,0.748376,0.251568,0.000000,0.000056
145,0.744542,0.255401,0.000000,0.000057
146,0.740931,0.259012,0.000000,0.000057
147,0.737376,0.262566,0.000000,0.000057
148,0.733704,0.266238,0.000000,0.000058
149,0.729895,0.270046,0.000000,0.000058
150,0.726189,0.273753,0.000000,0.000058
151,0.722851,0.277089,0.000000,0.000059
152,0.720018,0.279922,0.000000,0.000059
153,0.717611,0.282329,0.000000,0.000060
154,0.715473,0.284466,0.000000,0.000060
155,0.713464,0.286475,0.000000,0.000061
156,0.711489,0.288450,0.000000,0.000061
157,0.709557,0.290381,0.000000,0.000062
158,0.707798,0.292140,0.000000,0.000062
159,0.706402,0.293534,0.000000,0.000063
160,0.705333,0.294603,0.000000,0.000064
161,0.704529,0.295407,0.000000,0.000064
162,0.703854,0.296080,0.000000,0.000065
163,0.703258,0.296676,0.000000,0.000066
164,0.702647,0.297287,0.000000,0.000066
165,0.701944,0.297989,0.000000,0.000067
166,0.701109,0.298823,0.000000,0.000068
167,0.700181,0.299750,0.000000,0.000069
168,0.699277,0.300654,0.000000,0.000069
169,0.698463,0.301467,0.000000,0.000070
170,0.697695,0.302234,0.000000,0.000071
171,0.697025,0.302904,0.000000,0.000071
172,0.696586,0.303341,0.000000,0.000072
173,0.696587,0.303340,0.000000,0.000073
174,0.697178,0.302748,0.000000,0.000074
175,0.698329,0.301596,0.000000,0.000074
176,0.699805,0.300119,0.000000,0.000075
177,0.701303,0.298621,0.000000,0.000076
178,0.702817,0.297106,0.000000,0.000077
179,0.704519,0.295403,0.000000,0.000077
180,0.706560,0.293362,0.000000,0.000078
181,0.708944,0.290976,0.000000,0.000079
182,0.711554,0.288366,0.000000,0.000079
183,0.714175,0.285745,0.000000,0.000080
184,0.716587,0.283332,0.000000,0.000081
185,0.718658,0.281260,0.000000,0.000082
186,0.720318,0.279599,0.000000,0.000082
187,0.721572,0.278344,0.000000,0.000083
188,0.722577,0.277339,0.000000,0.000084
189,0.723543,0.276372,0.000000,0.000084
190,0.724615,0.275299,0.000001,0.000085
191,0.725707,0.274207,0.000001,0.000086
192,0.726696,0.273217,0.000001,0.000086
193,0.727479,0.272434,0.000001,0.000087
194,0.728049,0.271863,0.000001,0.000088
195,0.728393,0.271518,0.000001,0.000089
196,0.728561,0.271349,0.000001,0.000089
197,0.728580,0.271330,0.000001,0.000090
198,0.728523,0.271386,0.000001,0.000091
199,0.728437,0.271471,0.000001,0.000091
200,0.728279,0.271629,0.000001,0.000092
201,0.728083,0.271824,0.000001,0.000092
202,0.728022,0.271884,0.000001,0.000093
203,0.728256,0.271650,0.000001,0.000093
204,0.728905,0.271001,0.000001,0.000094
205,0.729901,0.270004,0.000001,0.000094
206,0.731096,0.268808,0.000001,0.000095
207,0.732388,0.267516,0.000001,0.000095
208,0.733960,0.265944,0.000001,0.000096
209,0.735979,0.263924,0.000001,0.000096
210,0.738419,0.261483,0.000001,0.000096
211,0.741012,0.258891,0.000001,0.000097
212,0.743606,0.256296,0.000001,0.000097
213,0.746259,0.253643,0.000001,0.000097
214,0.749026,0.250876,0.000001,0.000098
215,0.751874,0.248027,0.000001,0.000098
216,0.754686,0.245214,0.000001,0.000099
217,0.757426,0.242474,0.000001,0.000099
218,0.760126,0.239774,0.000001,0.000099
219,0.762855,0.237045,0.000001,0.000100
220,0.765617,0.234283,0.000001,0.000100
221,0.768335,0.231564,0.000001,0.000100
222,0.770944,0.228955,0.000001,0.000101
223,0.773467,0.226431,0.000001,0.000101
224,0.775998,0.223899,0.000001,0.000102
225,0.778579,0.221318,0.000001,0.000102
226,0.781211,0.218686,0.000001,0.000102
227,0.783939,0.215958,0.000001,0.000102
228,0.786760,0.213136,0.000001,0.000103
229,0.789525,0.210371,0.000001,0.000103
230,0.792001,0.207895,0.000001,0.000103
231,0.794131,0.205764,0.000001,0.000103
232,0.796041,0.203854,0.000001,0.000104
233,0.797895,0.202001,0.000001,0.000104
234,0.799824,0.200072,0.000001,0.000104
235,0.801905,0.197990,0.000001,0.000104
236,0.804105,0.195790,0.000001,0.000104
237,0.806338,0.193557,0.000001,0.000105
238,0.808510,0.191384,0.000001,0.000105
239,0.810576,0.189318,0.000001,0.000106
240,0.812546,0.187347,0.000001,0.000106
241,0.814524,0.185368,0.000001,0.000107
242,0.816579,0.183313,0.000001,0.000107
243,0.818689,0.181202,0.000001,0.000108
244,0.820753,0.179137,0.000001,0.000109
245,0.822701,0.177188,0.000001,0.000110
246,0.824587,0.175301,0.000001,0.000111
247,0.826523,0.173364,0.000001,0.000112
248,0.828554,0.171332,0.000001,0.000113
249,0.830584,0.169300,0.000001,0.000115
250,0.832567,0.167316,0.000001,0.000116
251,0.834487,0.165395,0.000001,0.000117
252,0.836344,0.163536,0.000001,0.000119
253,0.838081,0.161798,0.000001,0.000120
254,0.839682,0.160195,0.000001,0.000122
255,0.841179,0.158697,0.000001,0.000123
256,0.842686,0.157188,0.000001,0.000124
257,0.844242,0.155631,0.000001,0.000126
258,0.845892,0.153980,0.000001,0.000127
259,0.847614,0.152257,0.000001,0.000128
260,0.849345,0.150525,0.000001,0.000129
261,0.851052,0.148816,0.000001,0.000130
262,0.852781,0.147086,0.000001,0.000132
263,0.854580,0.145286,0.000001,0.000133
264,0.856426,0.143438,0.000001,0.000134
265,0.858236,0.141627,0.000001,0.000135
266,0.860031,0.139831,0.000001,0.000137
267,0.861846,0.138014,0.000002,0.000138
268,0.863678,0.136181,0.000002,0.000140
269,0.865520,0.134338,0.000002,0.000141
270,0.867479,0.132377,0.000002,0.000143
271,0.869668,0.130186,0.000002,0.000144
272,0.872023,0.127830,0.000002,0.000145
273,0.874319,0.125533,0.000002,0.000147
274,0.876344,0.123506,0.000002,0.000148
275,0.878103,0.121745,0.000002,0.000150
276,0.879765,0.120082,0.000002,0.000151
277,0.881466,0.118380,0.000002,0.000152
278,0.883212,0.116633,0.000002,0.000153
279,0.884933,0.114911,0.000002,0.000155
280,0.886539,0.113303,0.000002,0.000156
281,0.888018,0.111823,0.000002,0.000157
282,0.889369,0.110470,0.000002,0.000158
283,0.890626,0.109213,0.000002,0.000159
284,0.891822,0.108016,0.000002,0.000160
285,0.892990,0.106846,0.000002,0.000161
286,0.894187,0.105648,0.000002,0.000163
287,0.895425,0.104409,0.000002,0.000164
288,0.896669,0.103164,0.000002,0.000165
289,0.897866,0.101966,0.000002,0.000166
290,0.899005,0.100826,0.000002,0.000167
291,0.900109,0.099722,0.000002,0.000168
292,0.901146,0.098683,0.000002,0.000169
293,0.902086,0.097742,0.000002,0.000170
294,0.902919,0.096908,0.000002,0.000170
295,0.903657,0.096170,0.000002,0.000171
296,0.904341,0.095484,0.000002,0.000172
297,0.905013,0.094812,0.000003,0.000173
298,0.905626,0.094198,0.000003,0.000173
299,0.906080,0.093744,0.000003,0.000174
300,0.906272,0.093552,0.000003,0.000174
301,0.906134,0.093689,0.000003,0.000175
302,0.905661,0.094162,0.000003,0.000175
303,0.904934,0.094888,0.000003,0.000175
304,0.904084,0.095738,0.000003,0.000175
305,0.903213,0.096609,0.000003,0.000176
306,0.902370,0.097452,0.000003,0.000176
307,0.901604,0.098217,0.000003,0.000176
308,0.900948,0.098873,0.000003,0.000177
309,0.900377,0.099444,0.000003,0.000177
310,0.899865,0.099955,0.000003,0.000177
311,0.899449,0.100370,0.000003,0.000178
312,0.899181,0.100638,0.000003,0.000178
313,0.898966,0.100852,0.000003,0.000179
314,0.898643,0.101176,0.000003,0.000179
315,0.898161,0.101657,0.000003,0.000179
316,0.897581,0.102237,0.000003,0.000179
317,0.896956,0.102862,0.000003,0.000179
318,0.896304,0.103514,0.000003,0.000179
319,0.895629,0.104189,0.000003,0.000179
320,0.894988,0.104831,0.000003,0.000179
321,0.894396,0.105423,0.000003,0.000179
322,0.893803,0.106016,0.000003,0.000179
323,0.893149,0.106670,0.000003,0.000179
324,0.892439,0.107380,0.000003,0.000178
325,0.891733,0.108086,0.000003,0.000178
326,0.891083,0.108736,0.000003,0.000178
327,0.890516,0.109303,0.000003,0.000179
328,0.890051,0.109768,0.000003,0.000179
329,0.889664,0.110154,0.000003,0.000179
330,0.889368,0.110449,0.000003,0.000180
331,0.889173,0.110644,0.000003,0.000181
332,0.889072,0.110743,0.000003,0.000182
333,0.889062,0.110753,0.000003,0.000183
334,0.889114,0.110700,0.000003,0.000184
335,0.889200,0.110613,0.000003,0.000184
336,0.889298,0.110514,0.000003,0.000185
337,0.889363,0.110449,0.000003,0.000186
338,0.889403,0.110408,0.000003,0.000187
339,0.889484,0.110326,0.000003,0.000188
340,0.889607,0.110202,0.000003,0.000189
341,0.889747,0.110060,0.000003,0.000190
342,0.889896,0.109910,0.000003,0.000191
343,0.890067,0.109739,0.000003,0.000192
344,0.890282,0.109522,0.000003,0.000193
345,0.890541,0.109261,0.000003,0.000194
346,0.890832,0.108970,0.000003,0.000195
347,0.891148,0.108653,0.000003,0.000196
348,0.891493,0.108306,0.000003,0.000198
349,0.891848,0.107950,0.000003,0.000199
350,0.892219,0.107577,0.000003,0.000201
351,0.892610,0.107184,0.000003,0.000203
352,0.893017,0.106775,0.000003,0.000205
353,0.893398,0.106392,0.000003,0.000207
354,0.893737,0.106051,0.000003,0.000209
355,0.894068,0.105718,0.000003,0.000211
356,0.894455,0.105329,0.000003,0.000213
357,0.894896,0.104886,0.000003,0.000215
358,0.895375,0.104404,0.000004,0.000217
359,0.895920,0.103857,0.000004,0.000220
360,0.896547,0.103227,0.000004,0.000222
361,0.897228,0.102544,0.000004,0.000224
362,0.897930,0.101840,0.000004,0.000227
363,0.898599,0.101168,0.000004,0.000229
364,0.899246,0.100519,0.000004,0.000231
365,0.899876,0.099888,0.000004,0.000233
366,0.900492,0.099269,0.000004,0.000235
367,0.901070,0.098689,0.000004,0.000237
368,0.901607,0.098149,0.000004,0.000239
369,0.902136,0.097618,0.000004,0.000242
370,0.902653,0.097098,0.000004,0.000244
371,0.903147,0.096602,0.000005,0.000247
372,0.903605,0.096142,0.000005,0.000249
373,0.904101,0.095642,0.000005,0.000252
374,0.904672,0.095069,0.000005,0.000254
375,0.905291,0.094447,0.000005,0.000257
376,0.905946,0.093789,0.000005,0.000260
377,0.906635,0.093097,0.000005,0.000263
378,0.907359,0.092370,0.000005,0.000266
379,0.908083,0.091642,0.000005,0.000269
380,0.908805,0.090917,0.000005,0.000272
381,0.909529,0.090191,0.000006,0.000275
382,0.910248,0.089468,0.000006,0.000278
383,0.910989,0.088724,0.000006,0.000281
384,0.911738,0.087972,0.000006,0.000284
385,0.912410,0.087297,0.000006,0.000287
386,0.912939,0.086765,0.000006,0.000290
387,0.913353,0.086348,0.000006,0.000292
388,0.913723,0.085976,0.000006,0.000295
389,0.914015,0.085681,0.000006,0.000297
390,0.914146,0.085547,0.000007,0.000300
391,0.914094,0.085598,0.000007,0.000302
392,0.913919,0.085770,0.000007,0.000304
393,0.913717,0.085969,0.000007,0.000307
394,0.913548,0.086136,0.000007,0.000309
395,0.913404,0.086277,0.000007,0.000312
396,0.913239,0.086440,0.000007,0.000314
397,0.913050,0.086626,0.000007,0.000316
398,0.912875,0.086800,0.000007,0.000318
399,0.912734,0.086938,0.000007,0.000321
400,0.912601,0.087069,0.000007,0.000323
401,0.912432,0.087235,0.000008,0.000325
402,0.912210,0.087455,0.000008,0.000327
403,0.911965,0.087698,0.000008,0.000329
404,0.911746,0.087914,0.000008,0.000332
405,0.911621,0.088037,0.000008,0.000334
406,0.911620,0.088037,0.000008,0.000336
407,0.911737,0.087917,0.000008,0.000338
408,0.911946,0.087706,0.000008,0.000340
409,0.912252,0.087398,0.000008,0.000342
410,0.912676,0.086970,0.000008,0.000345
411,0.913199,0.086444,0.000009,0.000348
412,0.913802,0.085839,0.000009,0.000351
413,0.914461,0.085176,0.000009,0.000354
414,0.915208,0.084425,0.000009,0.000358
415,0.916075,0.083555,0.000009,0.000361
416,0.917010,0.082615,0.000009,0.000366
417,0.917948,0.081672,0.000010,0.000370
418,0.918861,0.080754,0.000010,0.000375
419,0.919740,0.079869,0.000010,0.000381
420,0.920598,0.079005,0.000010,0.000387
421,0.921470,0.078127,0.000011,0.000393
422,0.922392,0.077198,0.000011,0.000399
423,0.923347,0.076237,0.000011,0.000405
424,0.924314,0.075263,0.000012,0.000411
425,0.925297,0.074275,0.000012,0.000417
426,0.926266,0.073299,0.000012,0.000422
427,0.927198,0.072360,0.000013,0.000429
428,0.928073,0.071479,0.000013,0.000435
429,0.928911,0.070635,0.000014,0.000441
430,0.929729,0.069809,0.000014,0.000447
431,0.930545,0.068987,0.000014,0.000454
432,0.931353,0.068172,0.000015,0.000461
433,0.932137,0.067380,0.000015,0.000467
434,0.932874,0.066636,0.000016,0.000474
435,0.933554,0.065950,0.000016,0.000480
436,0.934186,0.065311,0.000017,0.000487
437,0.934781,0.064709,0.000017,0.000493
438,0.935361,0.064122,0.000017,0.000500
439,0.935938,0.063538,0.000018,0.000506
440,0.936520,0.062950,0.000018,0.000512
441,0.937099,0.062364,0.000019,0.000518
442,0.937672,0.061784,0.000019,0.000525
443,0.938235,0.061214,0.000020,0.000531
444,0.938787,0.060656,0.000020,0.000537
445,0.939319,0.060117,0.000020,0.000543
446,0.939834,0.059595,0.000021,0.000550
447,0.940346,0.059076,0.000021,0.000557
448,0.940854,0.058561,0.000022,0.000563
449,0.941354,0.058054,0.000022,0.000570
450,0.941852,0.057549,0.000023,0.000576
451,0.942349,0.057044,0.000023,0.000583
452,0.942844,0.056543,0.000024,0.000589
453,0.943336,0.056044,0.000025,0.000596
454,0.943839,0.055533,0.000025,0.000603
455,0.944389,0.054976,0.000026,0.000610
456,0.945007,0.054350,0.000026,0.000617
457,0.945686,0.053663,0.000027,0.000625
458,0.946394,0.052946,0.000028,0.000632
459,0.947123,0.052209,0.000028,0.000640
460,0.947880,0.051442,0.000029,0.000648
461,0.948687,0.050626,0.000030,0.000657
462,0.949535,0.049768,0.000031,0.000666
463,0.950394,0.048898,0.000032,0.000676
464,0.951221,0.048061,0.000033,0.000686
465,0.951997,0.047274,0.000033,0.000695
466,0.952716,0.046544,0.000034,0.000705
467,0.953395,0.045854,0.000035,0.000715
468,0.954039,0.045200,0.000036,0.000725
469,0.954628,0.044599,0.000037,0.000735
470,0.955157,0.044059,0.000038,0.000745
471,0.955624,0.043582,0.000039,0.000755
472,0.956061,0.043134,0.000040,0.000765
473,0.956502,0.042682,0.000041,0.000775
474,0.956962,0.042209,0.000043,0.000786
475,0.957429,0.041730,0.000044,0.000797
476,0.957895,0.041252,0.000045,0.000808
477,0.958367,0.040768,0.000046,0.000819
478,0.958843,0.040279,0.000047,0.000831
479,0.959310,0.039800,0.000049,0.000842
480,0.959769,0.039328,0.000050,0.000853
481,0.960211,0.038873,0.000051,0.000865
482,0.960636,0.038435,0.000053,0.000877
483,0.961047,0.038010,0.000054,0.000888
484,0.961442,0.037603,0.000055,0.000900
485,0.961826,0.037206,0.000057,0.000911
486,0.962206,0.036813,0.000058,0.000923
487,0.962585,0.036421,0.000059,0.000935
488,0.962957,0.036037,0.000061,0.000945
489,0.963325,0.035658,0.000062,0.000955
490,0.963690,0.035283,0.000063,0.000964
491,0.964047,0.034916,0.000064,0.000973
492,0.964387,0.034567,0.000065,0.000981
493,0.964713,0.034231,0.000066,0.000989
494,0.965043,0.033893,0.000067,0.000996
495,0.965381,0.033548,0.000068,0.001003
496,0.965723,0.033198,0.000069,0.001010
497,0.966068,0.032846,0.000070,0.001016
498,0.966410,0.032497,0.000071,0.001022
499,0.966736,0.032164,0.000072,0.001028
500,0.967047,0.031846,0.000072,0.001034
501,0.967351,0.031536,0.000073,0.001040
502,0.967665,0.031215,0.000074,0.001046
503,0.968004,0.030869,0.000075,0.001052
504,0.968370,0.030495,0.000076,0.001059
505,0.968755,0.030103,0.000077,0.001065
506,0.969138,0.029712,0.000078,0.001072
507,0.969509,0.029333,0.000079,0.001079
508,0.969866,0.028968,0.000080,0.001086
509,0.970218,0.028609,0.000081,0.001092
510,0.970566,0.028253,0.000082,0.001099
511,0.970920,0.027890,0.000083,0.001106
512,0.971285,0.027516,0.000084,0.001115
513,0.971663,0.027128,0.000086,0.001124
514,0.972049,0.026731,0.000087,0.001133
515,0.972432,0.026336,0.000089,0.001144
516,0.972806,0.025950,0.000090,0.001154
517,0.973168,0.025576,0.000092,0.001164
518,0.973513,0.025220,0.000093,0.001174
519,0.973839,0.024882,0.000095,0.001184
520,0.974150,0.024561,0.000096,0.001193
521,0.974447,0.024253,0.000098,0.001202
522,0.974743,0.023947,0.000099,0.001211
523,0.975046,0.023635,0.000100,0.001219
524,0.975346,0.023325,0.000101,0.001227
525,0.975634,0.023029,0.000103,0.001235
526,0.975904,0.022749,0.000104,0.001243
527,0.976164,0.022481,0.000105,0.001250
528,0.976417,0.022219,0.000106,0.001258
529,0.976662,0.021966,0.000108,0.001265
530,0.976900,0.021719,0.000109,0.001273
531,0.977129,0.021480,0.000110,0.001281
532,0.977355,0.021243,0.000112,0.001290
533,0.977579,0.021009,0.000113,0.001300
534,0.977800,0.020774,0.000115,0.001311
535,0.978020,0.020540,0.000117,0.001323
536,0.978239,0.020306,0.000119,0.001335
537,0.978456,0.020075,0.000121,0.001348
538,0.978674,0.019842,0.000123,0.001361
539,0.978894,0.019607,0.000125,0.001374
540,0.979115,0.019370,0.000127,0.001388
541,0.979336,0.019134,0.000130,0.001401
542,0.979544,0.018909,0.000132,0.001415
543,0.979740,0.018699,0.000134,0.001427
544,0.979922,0.018502,0.000136,0.001440
545,0.980092,0.018318,0.000138,0.001452
546,0.980257,0.018139,0.000140,0.001464
547,0.980420,0.017962,0.000142,0.001476
548,0.980575,0.017793,0.000144,0.001488
549,0.980717,0.017636,0.000146,0.001500
550,0.980838,0.017502,0.000148,0.001512
551,0.980937,0.017390,0.000150,0.001523
552,0.981016,0.017299,0.000152,0.001534
553,0.981076,0.017225,0.000154,0.001545
554,0.981117,0.017172,0.000156,0.001555
555,0.981144,0.017133,0.000157,0.001566
556,0.981165,0.017099,0.000159,0.001577
557,0.981187,0.017065,0.000161,0.001587
558,0.981196,0.017044,0.000163,0.001597
559,0.981184,0.017046,0.000164,0.001606
560,0.981149,0.017070,0.000166,0.001614
561,0.981104,0.017107,0.000167,0.001622
562,0.981056,0.017147,0.000168,0.001630
563,0.981011,0.017182,0.000170,0.001637
564,0.980972,0.017212,0.000171,0.001644
565,0.980938,0.017238,0.000172,0.001651
566,0.980910,0.017257,0.000174,0.001659
567,0.980882,0.017277,0.000175,0.001666
568,0.980844,0.017307,0.000176,0.001673
569,0.980793,0.017350,0.000177,0.001680
570,0.980734,0.017401,0.000178,0.001687
571,0.980674,0.017453,0.000180,0.001693
572,0.980618,0.017500,0.000181,0.001701
573,0.980563,0.017545,0.000183,0.001709
574,0.980503,0.017595,0.000184,0.001718
575,0.980431,0.017656,0.000186,0.001727
576,0.980341,0.017736,0.000187,0.001736
577,0.980236,0.017830,0.000189,0.001745
578,0.980126,0.017930,0.000191,0.001753
579,0.980014,0.018031,0.000192,0.001762
580,0.979906,0.018130,0.000194,0.001771
581,0.979798,0.018228,0.000195,0.001779
582,0.979693,0.018323,0.000197,0.001787
583,0.979597,0.018410,0.000198,0.001795
584,0.979511,0.018485,0.000200,0.001804
585,0.979430,0.018556,0.000202,0.001813
586,0.979349,0.018625,0.000203,0.001822
587,0.979271,0.018692,0.000205,0.001832
588,0.979202,0.018749,0.000207,0.001842
589,0.979143,0.018796,0.000209,0.001852
590,0.979096,0.018831,0.000211,0.001862
591,0.979063,0.018853,0.000213,0.001871
592,0.979041,0.018863,0.000215,0.001881
593,0.979023,0.018868,0.000217,0.001892
594,0.979002,0.018876,0.000219,0.001904
595,0.978973,0.018889,0.000221,0.001916
596,0.978944,0.018904,0.000224,0.001928
597,0.978918,0.018916,0.000226,0.001940
598,0.978894,0.018925,0.000229,0.001952
599,0.978868,0.018937,0.000231,0.001964
600,0.978827,0.018964,0.000233,0.001976
601,0.978765,0.019012,0.000235,0.001987
602,0.978687,0.019078,0.000238,0.001998
603,0.978600,0.019151,0.000240,0.002008
604,0.978519,0.019220,0.000242,0.002019
605,0.978448,0.019278,0.000244,0.002030
606,0.978391,0.019324,0.000246,0.002039
607,0.978353,0.019353,0.000248,0.002047
608,0.978331,0.019365,0.000249,0.002055
609,0.978319,0.019369,0.000251,0.002062
610,0.978314,0.019365,0.000252,0.002069
611,0.978320,0.019351,0.000253,0.002076
612,0.978331,0.019332,0.000255,0.002082
613,0.978335,0.019323,0.000256,0.002086
614,0.978326,0.019328,0.000256,0.002090
615,0.978305,0.019345,0.000257,0.002093
616,0.978281,0.019365,0.000258,0.002096
617,0.978260,0.019382,0.000258,0.002099
618,0.978240,0.019399,0.000259,0.002103
619,0.978216,0.019418,0.000260,0.002106
620,0.978186,0.019443,0.000261,0.002110
621,0.978158,0.019467,0.000261,0.002114
622,0.978140,0.019479,0.000262,0.002119
623,0.978135,0.019478,0.000263,0.002123
624,0.978140,0.019468,0.000264,0.002128
625,0.978147,0.019456,0.000265,0.002131
626,0.978158,0.019441,0.000266,0.002135
627,0.978167,0.019427,0.000267,0.002139
628,0.978171,0.019418,0.000268,0.002144
629,0.978164,0.019420,0.000268,0.002148
630,0.978147,0.019432,0.000269,0.002151
631,0.978124,0.019452,0.000270,0.002154
632,0.978097,0.019475,0.000271,0.002157
633,0.978069,0.019498,0.000271,0.002161
634,0.978041,0.019521,0.000272,0.002165
635,0.978012,0.019545,0.000273,0.002170
636,0.977982,0.019570,0.000274,0.002174
637,0.977950,0.019597,0.000275,0.002178
638,0.977914,0.019629,0.000276,0.002181
639,0.977875,0.019665,0.000276,0.002184
640,0.977837,0.019698,0.000277,0.002187
641,0.977806,0.019725,0.000278,0.002191
642,0.977781,0.019745,0.000279,0.002195
643,0.977757,0.019764,0.000279,0.002199
644,0.977732,0.019785,0.000280,0.002203
645,0.977715,0.019798,0.000281,0.002206
646,0.977714,0.019794,0.000282,0.002210
647,0.977726,0.019776,0.000283,0.002215
648,0.977742,0.019752,0.000284,0.002222
649,0.977757,0.019728,0.000286,0.002229
650,0.977768,0.019707,0.000288,0.002237
651,0.977776,0.019690,0.000289,0.002245
652,0.977789,0.019668,0.000291,0.002252
653,0.977817,0.019632,0.000292,0.002259
654,0.977868,0.019575,0.000293,0.002264
655,0.977944,0.019492,0.000294,0.002269
656,0.978046,0.019386,0.000295,0.002273
657,0.978165,0.019262,0.000296,0.002277
658,0.978292,0.019132,0.000297,0.002280
659,0.978420,0.019000,0.000297,0.002282
660,0.978550,0.018867,0.000298,0.002285
661,0.978681,0.018734,0.000298,0.002287
662,0.978812,0.018602,0.000298,0.002288
663,0.978944,0.018467,0.000299,0.002290
664,0.979084,0.018323,0.000299,0.002293
665,0.979238,0.018165,0.000300,0.002297
666,0.979405,0.017992,0.000301,0.002302
667,0.979584,0.017806,0.000302,0.002308
668,0.979768,0.017614,0.000304,0.002315
669,0.979945,0.017425,0.000306,0.002324
670,0.980112,0.017244,0.000308,0.002336
671,0.980266,0.017073,0.000311,0.002350
672,0.980411,0.016910,0.000314,0.002365
673,0.980546,0.016754,0.000318,0.002382
674,0.980677,0.016603,0.000322,0.002399
675,0.980805,0.016454,0.000325,0.002416
676,0.980934,0.016303,0.000329,0.002433
677,0.981067,0.016151,0.000332,0.002450
678,0.981205,0.015993,0.000336,0.002466
679,0.981345,0.015835,0.000339,0.002481
680,0.981479,0.015684,0.000342,0.002495
681,0.981608,0.015540,0.000345,0.002507
682,0.981732,0.015402,0.000347,0.002519
683,0.981851,0.015270,0.000349,0.002530
684,0.981955,0.015154,0.000351,0.002540
685,0.982043,0.015056,0.000353,0.002548
686,0.982118,0.014973,0.000355,0.002555
687,0.982186,0.014899,0.000355,0.002559
688,0.982248,0.014833,0.000356,0.002563
689,0.982307,0.014770,0.000357,0.002566
690,0.982360,0.014711,0.000358,0.002571
691,0.982410,0.014652,0.000359,0.002579
692,0.982459,0.014591,0.000362,0.002589
693,0.982509,0.014527,0.000364,0.002601
694,0.982559,0.014462,0.000367,0.002613
695,0.982604,0.014402,0.000369,0.002625
696,0.982640,0.014351,0.000372,0.002637
697,0.982667,0.014309,0.000375,0.002650
698,0.982681,0.014278,0.000378,0.002663
699,0.982688,0.014254,0.000381,0.002676
700,0.982692,0.014233,0.000384,0.002690
701,0.982697,0.014212,0.000387,0.002704
702,0.982701,0.014190,0.000390,0.002718
703,0.982706,0.014167,0.000394,0.002733
704,0.982713,0.014141,0.000397,0.002748
705,0.982722,0.014113,0.000401,0.002764
706,0.982735,0.014081,0.000405,0.002780
707,0.982755,0.014043,0.000408,0.002795
708,0.982778,0.014001,0.000412,0.002810
709,0.982800,0.013960,0.000415,0.002825
710,0.982823,0.013919,0.000418,0.002840
711,0.982848,0.013875,0.000422,0.002855
712,0.982874,0.013831,0.000425,0.002870
713,0.982896,0.013793,0.000428,0.002883
714,0.982915,0.013759,0.000431,0.002895
715,0.982931,0.013728,0.000434,0.002907
716,0.982948,0.013697,0.000437,0.002919
717,0.982964,0.013666,0.000439,0.002931
718,0.982976,0.013639,0.000442,0.002943
719,0.982985,0.013617,0.000445,0.002954
720,0.982992,0.013596,0.000447,0.002964
721,0.983002,0.013576,0.000449,0.002973
722,0.983016,0.013551,0.000451,0.002982
723,0.983033,0.013524,0.000453,0.002990
724,0.983053,0.013493,0.000455,0.002999
725,0.983075,0.013458,0.000457,0.003009
726,0.983099,0.013420,0.000460,0.003021
727,0.983124,0.013377,0.000463,0.003035
728,0.983151,0.013332,0.000467,0.003050
729,0.983178,0.013287,0.000470,0.003065
730,0.983205,0.013239,0.000474,0.003082
731,0.983233,0.013189,0.000479,0.003100
732,0.983260,0.013136,0.000484,0.003120
733,0.983290,0.013077,0.000489,0.003143
734,0.983327,0.013009,0.000495,0.003169
735,0.983371,0.012931,0.000502,0.003196
736,0.983420,0.012847,0.000509,0.003224
737,0.983470,0.012762,0.000515,0.003252
738,0.983518,0.012682,0.000522,0.003278
739,0.983560,0.012610,0.000528,0.003303
740,0.983597,0.012546,0.000533,0.003324
741,0.983629,0.012487,0.000538,0.003345
742,0.983660,0.012431,0.000544,0.003366
743,0.983689,0.012374,0.000549,0.003388
744,0.983722,0.012314,0.000555,0.003410
745,0.983759,0.012249,0.000560,0.003432
746,0.983800,0.012184,0.000565,0.003451
747,0.983839,0.012122,0.000569,0.003469
748,0.983879,0.012062,0.000574,0.003486
749,0.983918,0.012002,0.000578,0.003502
750,0.983959,0.011941,0.000582,0.003518
751,0.984001,0.011879,0.000586,0.003534
752,0.984045,0.011816,0.000590,0.003550
753,0.984086,0.011755,0.000594,0.003566
754,0.984126,0.011693,0.000598,0.003583
755,0.984167,0.011630,0.000603,0.003600
756,0.984208,0.011566,0.000607,0.003619
757,0.984248,0.011502,0.000612,0.003638
758,0.984285,0.011441,0.000617,0.003658
759,0.984318,0.011382,0.000622,0.003678
760,0.984351,0.011323,0.000628,0.003699
761,0.984383,0.011263,0.000633,0.003721
762,0.984416,0.011202,0.000639,0.003743
763,0.984444,0.011144,0.000645,0.003767
764,0.984467,0.011089,0.000651,0.003793
765,0.984486,0.011036,0.000658,0.003820
766,0.984507,0.010981,0.000665,0.003847
767,0.984535,0.010919,0.000672,0.003874
768,0.984572,0.010848,0.000679,0.003901
769,0.984615,0.010770,0.000686,0.003929
770,0.984661,0.010688,0.000693,0.003958
771,0.984704,0.010609,0.000699,0.003987
772,0.984741,0.010538,0.000706,0.004015
773,0.984772,0.010474,0.000712,0.004041
774,0.984803,0.010413,0.000718,0.004066
775,0.984837,0.010347,0.000724,0.004091
776,0.984879,0.010275,0.000730,0.004116
777,0.984929,0.010195,0.000736,0.004140
778,0.984981,0.010114,0.000741,0.004164
779,0.985032,0.010035,0.000746,0.004187
780,0.985079,0.009960,0.000751,0.004210
781,0.985122,0.009889,0.000756,0.004233
782,0.985163,0.009819,0.000762,0.004256
783,0.985203,0.009751,0.000767,0.004279
784,0.985241,0.009685,0.000772,0.004303
785,0.985273,0.009621,0.000778,0.004328
786,0.985301,0.009561,0.000784,0.004355
787,0.985324,0.009501,0.000791,0.004384
788,0.985345,0.009440,0.000798,0.004416
789,0.985367,0.009379,0.000806,0.004448
790,0.985390,0.009318,0.000813,0.004479
791,0.985412,0.009258,0.000820,0.004510
792,0.985431,0.009197,0.000828,0.004544
793,0.985451,0.009132,0.000836,0.004580
794,0.985473,0.009064,0.000844,0.004618
795,0.985495,0.008995,0.000853,0.004657
796,0.985515,0.008928,0.000862,0.004695
797,0.985532,0.008866,0.000870,0.004732
798,0.985550,0.008806,0.000877,0.004767
799,0.985571,0.008745,0.000884,0.004800
800,0.985592,0.008684,0.000891,0.004832
801,0.985612,0.008624,0.000898,0.004865
802,0.985634,0.008564,0.000905,0.004897
803,0.985656,0.008503,0.000911,0.004930
804,0.985679,0.008441,0.000918,0.004962
805,0.985701,0.008378,0.000925,0.004996
806,0.985722,0.008316,0.000932,0.005030
807,0.985740,0.008253,0.000940,0.005067
808,0.985757,0.008190,0.000948,0.005105
809,0.985773,0.008129,0.000956,0.005143
810,0.985787,0.008069,0.000964,0.005181
811,0.985799,0.008010,0.000972,0.005220
812,0.985808,0.007951,0.000980,0.005260
813,0.985813,0.007894,0.000990,0.005303
814,0.985814,0.007838,0.001000,0.005348
815,0.985811,0.007784,0.001010,0.005394
816,0.985805,0.007735,0.001020,0.005440
817,0.985797,0.007689,0.001030,0.005484
818,0.985787,0.007645,0.001040,0.005528
819,0.985776,0.007602,0.001050,0.005572
820,0.985762,0.007560,0.001061,0.005618
821,0.985745,0.007518,0.001072,0.005665
822,0.985726,0.007478,0.001083,0.005713
823,0.985707,0.007439,0.001094,0.005760
824,0.985690,0.007400,0.001104,0.005806
825,0.985675,0.007363,0.001114,0.005848
826,0.985663,0.007327,0.001123,0.005888
827,0.985652,0.007292,0.001131,0.005925
828,0.985642,0.007257,0.001140,0.005961
829,0.985634,0.007222,0.001147,0.005997
830,0.985626,0.007185,0.001155,0.006034
831,0.985617,0.007149,0.001163,0.006071
832,0.985608,0.007115,0.001171,0.006107
833,0.985597,0.007083,0.001178,0.006142
834,0.985587,0.007053,0.001186,0.006174
835,0.985578,0.007025,0.001192,0.006205
836,0.985567,0.006998,0.001199,0.006236
837,0.985553,0.006973,0.001206,0.006267
838,0.985536,0.006950,0.001214,0.006300
839,0.985516,0.006929,0.001222,0.006334
840,0.985493,0.006907,0.001230,0.006369
841,0.985470,0.006885,0.001238,0.006406
842,0.985446,0.006861,0.001247,0.006445
843,0.985422,0.006835,0.001257,0.006487
844,0.985396,0.006805,0.001266,0.006532
845,0.985369,0.006775,0.001277,0.006580
846,0.985342,0.006743,0.001287,0.006629
847,0.985313,0.006711,0.001297,0.006679
848,0.985284,0.006682,0.001307,0.006727
849,0.985260,0.006652,0.001316,0.006772
850,0.985243,0.006621,0.001324,0.006812
851,0.985233,0.006586,0.001330,0.006851
852,0.985228,0.006548,0.001336,0.006888
853,0.985223,0.006507,0.001343,0.006927
854,0.985215,0.006467,0.001349,0.006969
855,0.985202,0.006428,0.001356,0.007013
856,0.985182,0.006393,0.001365,0.007061
857,0.985158,0.006361,0.001373,0.007108
858,0.985133,0.006331,0.001381,0.007154
859,0.985112,0.006304,0.001388,0.007196
860,0.985091,0.006280,0.001395,0.007234
861,0.985069,0.006258,0.001401,0.007271
862,0.985043,0.006240,0.001408,0.007309
863,0.985012,0.006224,0.001416,0.007349
864,0.984977,0.006209,0.001424,0.007391
865,0.984938,0.006195,0.001432,0.007435
866,0.984898,0.006182,0.001440,0.007480
867,0.984858,0.006168,0.001449,0.007525
868,0.984818,0.006155,0.001457,0.007570
869,0.984779,0.006143,0.001465,0.007613
870,0.984743,0.006132,0.001472,0.007653
871,0.984709,0.006120,0.001479,0.007692
872,0.984676,0.006110,0.001485,0.007729
873,0.984640,0.006102,0.001492,0.007766
874,0.984601,0.006096,0.001499,0.007804
875,0.984561,0.006092,0.001506,0.007842
876,0.984520,0.006089,0.001513,0.007878
877,0.984481,0.006085,0.001520,0.007914
878,0.984440,0.006082,0.001527,0.007951
879,0.984396,0.006079,0.001535,0.007991
880,0.984347,0.006077,0.001543,0.008033
881,0.984297,0.006076,0.001551,0.008076
882,0.984247,0.006073,0.001560,0.008120
883,0.984197,0.006068,0.001568,0.008167
884,0.984144,0.006060,0.001577,0.008219
885,0.984089,0.006051,0.001587,0.008273
886,0.984032,0.006042,0.001596,0.008330
887,0.983972,0.006033,0.001606,0.008389
888,0.983907,0.006025,0.001617,0.008451
889,0.983835,0.006019,0.001629,0.008517
890,0.983758,0.006016,0.001641,0.008585
891,0.983678,0.006014,0.001654,0.008654
892,0.983598,0.006014,0.001666,0.008722
893,0.983521,0.006015,0.001678,0.008786
894,0.983449,0.006016,0.001689,0.008846
895,0.983385,0.006016,0.001699,0.008900
896,0.983328,0.006018,0.001708,0.008946
897,0.983280,0.006020,0.001715,0.008985
898,0.983237,0.006023,0.001721,0.009018
899,0.983196,0.006029,0.001728,0.009048
900,0.983155,0.006035,0.001734,0.009076
901,0.983113,0.006041,0.001740,0.009106
902,0.983072,0.006046,0.001746,0.009135
903,0.983038,0.006049,0.001752,0.009161
904,0.983009,0.006051,0.001756,0.009184
905,0.982985,0.006051,0.001760,0.009205
906,0.982962,0.006050,0.001763,0.009225
907,0.982937,0.006050,0.001767,0.009246
908,0.982914,0.006051,0.001770,0.009265
909,0.982892,0.006053,0.001773,0.009283
910,0.982868,0.006057,0.001776,0.009299
911,0.982843,0.006063,0.001779,0.009315
912,0.982813,0.006070,0.001783,0.009334
913,0.982787,0.006077,0.001787,0.009349
914,0.982767,0.006086,0.001789,0.009358
915,0.982752,0.006095,0.001791,0.009362
916,0.982741,0.006106,0.001792,0.009361
917,0.982729,0.006117,0.001793,0.009361
918,0.982714,0.006127,0.001795,0.009364
919,0.982693,0.006138,0.001798,0.009371
920,0.982670,0.006148,0.001802,0.009380
921,0.982646,0.006158,0.001807,0.009389
922,0.982620,0.006168,0.001812,0.009401
923,0.982588,0.006176,0.001818,0.009419
924,0.982548,0.006182,0.001826,0.009445
925,0.982500,0.006188,0.001835,0.009477
926,0.982444,0.006195,0.001846,0.009515
927,0.982380,0.006203,0.001858,0.009559
928,0.982312,0.006210,0.001871,0.009606
929,0.982240,0.006219,0.001885,0.009657
930,0.982165,0.006227,0.001898,0.009709
931,0.982090,0.006235,0.001912,0.009762
932,0.982012,0.006243,0.001927,0.009818
933,0.981933,0.006251,0.001941,0.009875
934,0.981851,0.006258,0.001956,0.009934
935,0.981769,0.006266,0.001971,0.009994
936,0.981686,0.006272,0.001986,0.010056
937,0.981603,0.006278,0.002001,0.010118
938,0.981519,0.006284,0.002016,0.010181
939,0.981437,0.006289,0.002031,0.010243
940,0.981354,0.006294,0.002046,0.010306
941,0.981270,0.006299,0.002061,0.010370
942,0.981183,0.006304,0.002077,0.010436
943,0.981096,0.006308,0.002092,0.010504
944,0.981012,0.006308,0.002107,0.010573
945,0.980928,0.006307,0.002122,0.010643
946,0.980843,0.006307,0.002136,0.010713
947,0.980765,0.006308,0.002150,0.010777
948,0.980697,0.006309,0.002162,0.010833
949,0.980646,0.006306,0.002171,0.010877
950,0.980611,0.006299,0.002177,0.010913
951,0.980582,0.006289,0.002182,0.010946
952,0.980554,0.006279,0.002187,0.010981
953,0.980525,0.006269,0.002192,0.011015
954,0.980498,0.006257,0.002196,0.011049
955,0.980470,0.006245,0.002201,0.011084
956,0.980439,0.006233,0.002205,0.011122
957,0.980402,0.006222,0.002211,0.011164
958,0.980360,0.006212,0.002218,0.011210
959,0.980311,0.006202,0.002225,0.011261
960,0.980256,0.006194,0.002234,0.011316
961,0.980196,0.006187,0.002243,0.011374
962,0.980135,0.006181,0.002253,0.011431
963,0.980080,0.006176,0.002261,0.011483
964,0.980036,0.006171,0.002268,0.011525
965,0.980005,0.006167,0.002273,0.011555
966,0.979991,0.006161,0.002276,0.011572
967,0.979989,0.006155,0.002277,0.011579
968,0.979997,0.006148,0.002276,0.011579
969,0.980005,0.006143,0.002275,0.011577
970,0.980011,0.006138,0.002275,0.011576
971,0.980021,0.006134,0.002274,0.011571
972,0.980036,0.006131,0.002273,0.011560
973,0.980051,0.006128,0.002272,0.011549
974,0.980057,0.006126,0.002272,0.011545
975,0.980052,0.006126,0.002273,0.011549
976,0.980035,0.006126,0.002277,0.011562
977,0.980012,0.006126,0.002282,0.011581
978,0.979984,0.006127,0.002287,0.011602
979,0.979957,0.006129,0.002292,0.011622
980,0.979932,0.006129,0.002297,0.011642
981,0.979903,0.006129,0.002302,0.011666
982,0.979868,0.006128,0.002309,0.011695
983,0.979822,0.006129,0.002317,0.011731
984,0.979772,0.006131,0.002327,0.011770
985,0.979718,0.006134,0.002336,0.011811
986,0.979664,0.006137,0.002346,0.011853
987,0.979607,0.006140,0.002356,0.011897
988,0.979543,0.006144,0.002367,0.011946
989,0.979477,0.006149,0.002379,0.011995
990,0.979411,0.006154,0.002390,0.012044
991,0.979345,0.006158,0.002402,0.012095
992,0.979273,0.006163,0.002414,0.012149
993,0.979201,0.006168,0.002426,0.012205
994,0.979131,0.006172,0.002438,0.012259
995,0.979067,0.006176,0.002449,0.012307
996,0.979018,0.006179,0.002458,0.012346
997,0.978983,0.006180,0.002464,0.012373
998,0.978960,0.006179,0.002469,0.012392
999,0.978945,0.006177,0.002473,0.012405
1000,0.978935,0.006174,0.002476,0.012415
1001,0.978926,0.006170,0.002478,0.012425
