0.617382,0.368761,0.013857,0.000000
0.616907,0.369282,0.013811,0.000000
0.616400,0.369831,0.013769,0.000000
0.615891,0.370378,0.013730,0.000000
0.615383,0.370928,0.013689,0.000000
0.614864,0.371494,0.013642,0.000000
0.614350,0.372058,0.013592,0.000000
0.613865,0.372592,0.013543,0.000000
0.613419,0.373085,0.013496,0.000000
0.613004,0.373549,0.013448,0.000000
0.612601,0.374001,0.013397,0.000000
0.612190,0.374461,0.013349,0.000000
0.611747,0.374945,0.013309,0.000000
0.611276,0.375446,0.013278,0.000000
0.610803,0.375943,0.013254,0.000000
0.610344,0.376422,0.013234,0.000000
0.609890,0.376896,0.013214,0.000000
0.609439,0.377372,0.013190,0.000000
0.609001,0.377836,0.013163,0.000000
0.608586,0.378279,0.013135,0.000000
0.608194,0.378699,0.013106,0.000000
0.607822,0.379103,0.013075,0.000000
0.607446,0.379515,0.013039,0.000000
0.607029,0.379970,0.013001,0.000000
0.606550,0.380484,0.012967,0.000000
0.606016,0.381043,0.012941,0.000000
0.605459,0.381613,0.012927,0.000000
0.604899,0.382179,0.012922,0.000000
0.604331,0.382751,0.012918,0.000000
0.603749,0.383338,0.012913,0.000000
0.603145,0.383945,0.012910,0.000000
0.602509,0.384579,0.012912,0.000000
0.601843,0.385239,0.012918,0.000000
0.601164,0.385913,0.012923,0.000000
0.600490,0.386583,0.012927,0.000000
0.599818,0.387252,0.012929,0.000000
0.599138,0.387934,0.012928,0.000000
0.598445,0.388632,0.012923,0.000000
0.597740,0.389347,0.012914,0.000000
0.597027,0.390073,0.012899,0.000000
0.596312,0.390805,0.012883,0.000000
0.595602,0.391532,0.012866,0.000000
0.594912,0.392237,0.012850,0.000000
0.594255,0.392911,0.012835,0.000000
0.593622,0.393559,0.012820,0.000000
0.593005,0.394183,0.012813,0.000000
0.592403,0.394776,0.012821,0.000000
0.591815,0.395342,0.012844,0.000000
0.591241,0.395886,0.012872,0.000000
0.590679,0.396421,0.012901,0.000000
0.590111,0.396959,0.012930,0.000000
0.589538,0.397498,0.012964,0.000000
0.588976,0.398021,0.013003,0.000000
0.588431,0.398523,0.013046,0.000000
0.587890,0.399018,0.013092,0.000000
0.587342,0.399518,0.013140,0.000000
0.586796,0.400014,0.013190,0.000000
0.586260,0.400495,0.013245,0.000000
0.585740,0.400955,0.013305,0.000000
0.585235,0.401396,0.013368,0.000000
0.584745,0.401820,0.013435,0.000000
0.584268,0.402230,0.013502,0.000000
0.583807,0.402626,0.013567,0.000000
0.583362,0.403009,0.013629,0.000000
0.582926,0.403386,0.013687,0.000000
0.582480,0.403774,0.013745,0.000000
0.581957,0.404161,0.013806,0.000076
0.581306,0.404527,0.013873,0.000293
0.580612,0.404930,0.013948,0.000509
0.579890,0.405361,0.014028,0.000721
0.579170,0.405795,0.014107,0.000929
0.578477,0.406205,0.014183,0.001135
0.577812,0.406587,0.014258,0.001342
0.577160,0.406951,0.014337,0.001551
0.576505,0.407309,0.014422,0.001764
0.575835,0.407673,0.014512,0.001980
0.575146,0.408049,0.014605,0.002200
0.574437,0.408441,0.014699,0.002423
0.573710,0.408851,0.014790,0.002649
0.572967,0.409280,0.014876,0.002877
0.572210,0.409729,0.014956,0.003106
0.571446,0.410192,0.015030,0.003331
0.570683,0.410658,0.015103,0.003556
0.569924,0.411113,0.015177,0.003787
0.569165,0.411549,0.015255,0.004031
0.568403,0.411965,0.015340,0.004292
0.567635,0.412365,0.015437,0.004564
0.566858,0.412754,0.015552,0.004836
0.566068,0.413136,0.015688,0.005109
0.565270,0.413503,0.015839,0.005388
0.564478,0.413850,0.015995,0.005677
0.563683,0.414191,0.016150,0.005976
0.562860,0.414550,0.016306,0.006283
0.562002,0.414933,0.016469,0.006596
0.561129,0.415318,0.016637,0.006916
0.560268,0.415683,0.016811,0.007239
0.559433,0.416021,0.016986,0.007560
0.558618,0.416343,0.017161,0.007878
0.557815,0.416657,0.017330,0.008198
0.557020,0.416965,0.017492,0.008523
0.556233,0.417262,0.017648,0.008857
0.555456,0.417540,0.017803,0.009202
0.554686,0.417797,0.017960,0.009558
0.553925,0.418032,0.018121,0.009921
0.553181,0.418250,0.018283,0.010286
0.552452,0.418454,0.018444,0.010651
0.551724,0.418651,0.018606,0.011019
0.550988,0.418855,0.018770,0.011387
0.550242,0.419068,0.018935,0.011755
0.549492,0.419283,0.019094,0.012131
0.548744,0.419488,0.019247,0.012521
0.547994,0.419690,0.019393,0.012923
0.547231,0.419909,0.019534,0.013326
0.546445,0.420162,0.019668,0.013725
0.545631,0.420450,0.019797,0.014122
0.544792,0.420763,0.019920,0.014526
0.543941,0.421086,0.020035,0.014938
0.543090,0.421403,0.020147,0.015360
0.542247,0.421704,0.020259,0.015790
0.541411,0.421987,0.020377,0.016225
0.540582,0.422257,0.020502,0.016658
0.539763,0.422518,0.020629,0.017090
0.538959,0.422759,0.020754,0.017528
0.538166,0.422970,0.020883,0.017981
0.537374,0.423157,0.021023,0.018446
0.536575,0.423336,0.021173,0.018916
0.535771,0.423516,0.021330,0.019383
0.534967,0.423693,0.021494,0.019846
0.534175,0.423851,0.021661,0.020313
0.533397,0.423983,0.021832,0.020788
0.532637,0.424087,0.022005,0.021271
0.531896,0.424169,0.022176,0.021759
0.531164,0.424248,0.022343,0.022245
0.530421,0.424346,0.022508,0.022725
0.529660,0.424469,0.022673,0.023198
0.528884,0.424606,0.022839,0.023671
0.528108,0.424739,0.023007,0.024147
0.527343,0.424855,0.023176,0.024626
0.526587,0.424961,0.023346,0.025106
0.525829,0.425073,0.023514,0.025585
0.525065,0.425200,0.023677,0.026058
0.524296,0.425349,0.023834,0.026521
0.523523,0.425518,0.023984,0.026975
0.522748,0.425700,0.024130,0.027422
0.521976,0.425881,0.024274,0.027869
0.521214,0.426046,0.024418,0.028322
0.520465,0.426191,0.024561,0.028783
0.519735,0.426318,0.024702,0.029245
0.519028,0.426431,0.024841,0.029701
0.518344,0.426532,0.024975,0.030148
0.517685,0.426624,0.025105,0.030586
0.517044,0.426708,0.025233,0.031015
0.516417,0.426786,0.025361,0.031436
0.515796,0.426862,0.025492,0.031850
0.515180,0.426933,0.025626,0.032261
0.514578,0.426990,0.025761,0.032671
0.513994,0.427030,0.025894,0.033081
0.513428,0.427061,0.026023,0.033489
0.512872,0.427090,0.026145,0.033893
0.512322,0.427125,0.026262,0.034291
0.511773,0.427166,0.026375,0.034686
0.511228,0.427208,0.026486,0.035078
0.510691,0.427249,0.026592,0.035468
0.510165,0.427285,0.026693,0.035857
0.509651,0.427319,0.026789,0.036240
0.509138,0.427364,0.026881,0.036618
0.508611,0.427433,0.026966,0.036990
0.508066,0.427528,0.027048,0.037358
0.507511,0.427638,0.027128,0.037723
0.506958,0.427749,0.027209,0.038083
0.506410,0.427861,0.027291,0.038438
0.505858,0.427987,0.027370,0.038786
0.505294,0.428136,0.027443,0.039128
0.504716,0.428306,0.027511,0.039467
0.504126,0.428488,0.027577,0.039809
0.503531,0.428670,0.027644,0.040156
0.502935,0.428849,0.027712,0.040504
0.502335,0.429032,0.027783,0.040849
0.501732,0.429220,0.027860,0.041188
0.501135,0.429399,0.027942,0.041524
0.500555,0.429560,0.028028,0.041857
0.499994,0.429705,0.028115,0.042187
0.499446,0.429840,0.028200,0.042514
0.498900,0.429975,0.028279,0.042845
0.498350,0.430117,0.028351,0.043182
0.497803,0.430262,0.028414,0.043521
0.497273,0.430403,0.028470,0.043855
0.496768,0.430533,0.028521,0.044178
0.496281,0.430652,0.028573,0.044494
0.495803,0.430765,0.028625,0.044807
0.495331,0.430872,0.028676,0.045121
0.494868,0.430967,0.028724,0.045441
0.494412,0.431051,0.028769,0.045768
0.493956,0.431130,0.028809,0.046105
0.493490,0.431213,0.028846,0.046450
0.493010,0.431307,0.028882,0.046801
0.492517,0.431413,0.028918,0.047152
0.492018,0.431529,0.028956,0.047497
0.491522,0.431645,0.028994,0.047839
0.491037,0.431752,0.029031,0.048180
0.490564,0.431850,0.029069,0.048517
0.490097,0.431945,0.029109,0.048848
0.489636,0.432043,0.029150,0.049171
0.489180,0.432141,0.029193,0.049486
0.488730,0.432241,0.029235,0.049795
0.488280,0.432348,0.029275,0.050098
0.487831,0.432460,0.029315,0.050394
0.487395,0.432564,0.029356,0.050685
0.486972,0.432661,0.029396,0.050971
0.486550,0.432764,0.029434,0.051251
0.486126,0.432875,0.029469,0.051531
0.485713,0.432973,0.029500,0.051814
0.485323,0.433046,0.029531,0.052101
0.484946,0.433104,0.029563,0.052387
0.484574,0.433158,0.029598,0.052670
0.484208,0.433205,0.029639,0.052948
0.483845,0.433244,0.029687,0.053224
0.483482,0.433280,0.029741,0.053497
0.483117,0.433316,0.029798,0.053769
0.482753,0.433354,0.029855,0.054038
0.482387,0.433395,0.029908,0.054310
0.482004,0.433444,0.029958,0.054593
0.481599,0.433506,0.030006,0.054889
0.481182,0.433573,0.030053,0.055192
0.480769,0.433633,0.030103,0.055495
0.480361,0.433682,0.030157,0.055800
0.479940,0.433729,0.030216,0.056115
0.479492,0.433784,0.030278,0.056445
0.479029,0.433838,0.030343,0.056791
0.478576,0.433871,0.030408,0.057145
0.478154,0.433870,0.030475,0.057502
0.477762,0.433840,0.030540,0.057858
0.477387,0.433800,0.030603,0.058210
0.477008,0.433767,0.030664,0.058561
0.476608,0.433751,0.030725,0.058917
0.476181,0.433751,0.030783,0.059284
0.475734,0.433761,0.030840,0.059665
0.475283,0.433766,0.030894,0.060057
0.474837,0.433760,0.030947,0.060456
0.474396,0.433751,0.031001,0.060853
0.473960,0.433744,0.031053,0.061243
0.473527,0.433744,0.031102,0.061626
0.473092,0.433756,0.031148,0.062005
0.472651,0.433773,0.031193,0.062383
0.472209,0.433785,0.031240,0.062765
0.471769,0.433785,0.031293,0.063153
0.471333,0.433774,0.031350,0.063543
0.470901,0.433754,0.031412,0.063933
0.470479,0.433727,0.031475,0.064319
0.470069,0.433692,0.031539,0.064700
0.469672,0.433650,0.031605,0.065073
0.469284,0.433605,0.031672,0.065438
0.468908,0.433557,0.031738,0.065796
0.468548,0.433503,0.031803,0.066146
0.468196,0.433446,0.031866,0.066492
0.467838,0.433396,0.031927,0.066839
0.467462,0.433360,0.031988,0.067190
0.467069,0.433332,0.032049,0.067550
0.466669,0.433303,0.032110,0.067918
0.466272,0.433267,0.032170,0.068291
0.465886,0.433222,0.032229,0.068663
0.465511,0.433170,0.032287,0.069031
0.465140,0.433121,0.032345,0.069393
0.464762,0.433086,0.032403,0.069748
0.464369,0.433075,0.032460,0.070096
0.463961,0.433084,0.032518,0.070437
0.463556,0.433096,0.032574,0.070773
0.463172,0.433093,0.032629,0.071105
0.462814,0.433069,0.032681,0.071436
0.462473,0.433035,0.032729,0.071764
0.462139,0.433005,0.032771,0.072086
0.461800,0.432988,0.032809,0.072403
0.461445,0.432986,0.032845,0.072724
0.461075,0.432989,0.032880,0.073055
0.460697,0.432992,0.032915,0.073395
0.460321,0.432991,0.032951,0.073737
0.459954,0.432980,0.032989,0.074077
0.459605,0.432950,0.033027,0.074418
0.459270,0.432906,0.033061,0.074763
0.458941,0.432863,0.033088,0.075108
0.458609,0.432833,0.033109,0.075449
0.458273,0.432813,0.033126,0.075788
0.457942,0.432789,0.033139,0.076130
0.457624,0.432749,0.033150,0.076477
0.457322,0.432698,0.033158,0.076822
0.457028,0.432642,0.033164,0.077166
0.456731,0.432587,0.033170,0.077512
0.456424,0.432536,0.033177,0.077863
0.456115,0.432485,0.033188,0.078213
0.455815,0.432424,0.033206,0.078555
0.455525,0.432356,0.033229,0.078889
0.455236,0.432287,0.033255,0.079222
0.454938,0.432214,0.033280,0.079569
0.454630,0.432119,0.033306,0.079945
0.454317,0.431993,0.033336,0.080354
0.454004,0.431847,0.033369,0.080780
0.453681,0.431708,0.033401,0.081210
0.453332,0.431587,0.033429,0.081651
0.452954,0.431475,0.033455,0.082115
0.452556,0.431363,0.033477,0.082604
0.452138,0.431256,0.033495,0.083111
0.451697,0.431165,0.033510,0.083629
0.451233,0.431094,0.033521,0.084152
0.450753,0.431043,0.033528,0.084676
0.450268,0.431000,0.033534,0.085198
0.449787,0.430957,0.033539,0.085717
0.449306,0.430913,0.033545,0.086235
0.448822,0.430873,0.033553,0.086752
0.448336,0.430837,0.033561,0.087266
0.447855,0.430800,0.033569,0.087775
0.447382,0.430761,0.033574,0.088283
0.446914,0.430716,0.033579,0.088791
0.446447,0.430664,0.033584,0.089305
0.445976,0.430606,0.033590,0.089828
0.445499,0.430543,0.033599,0.090359
0.445015,0.430478,0.033609,0.090898
0.444531,0.430411,0.033620,0.091439
0.444049,0.430341,0.033633,0.091977
0.443564,0.430275,0.033648,0.092513
0.443068,0.430218,0.033667,0.093047
0.442562,0.430171,0.033689,0.093578
0.442051,0.430128,0.033718,0.094103
0.441535,0.430081,0.033752,0.094631
0.441013,0.430027,0.033789,0.095171
0.440482,0.429965,0.033825,0.095729
0.439943,0.429894,0.033858,0.096304
0.439398,0.429821,0.033892,0.096888
0.438846,0.429750,0.033930,0.097473
0.438294,0.429679,0.033972,0.098055
0.437751,0.429602,0.034016,0.098630
0.437216,0.429527,0.034058,0.099199
0.436674,0.429467,0.034101,0.099758
0.436113,0.429430,0.034144,0.100313
0.435529,0.429412,0.034188,0.100871
0.434933,0.429404,0.034231,0.101432
0.434334,0.429401,0.034272,0.101992
0.433737,0.429403,0.034312,0.102548
0.433144,0.429406,0.034349,0.103100
0.432554,0.429403,0.034386,0.103657
0.431962,0.429388,0.034423,0.104226
0.431364,0.429357,0.034463,0.104816
0.430759,0.429309,0.034505,0.105427
0.430151,0.429249,0.034549,0.106052
0.429555,0.429178,0.034590,0.106677
0.428984,0.429093,0.034627,0.107296
0.428440,0.428987,0.034663,0.107911
0.427917,0.428860,0.034702,0.108521
0.427405,0.428717,0.034749,0.109128
0.426900,0.428562,0.034804,0.109734
0.426404,0.428395,0.034862,0.110338
0.425919,0.428220,0.034920,0.110942
0.425437,0.428037,0.034976,0.111550
0.424956,0.427850,0.035033,0.112162
0.424477,0.427663,0.035090,0.112771
0.424000,0.427484,0.035145,0.113371
0.423518,0.427320,0.035197,0.113965
0.423026,0.427176,0.035244,0.114555
0.422529,0.427042,0.035287,0.115142
0.422038,0.426900,0.035330,0.115732
0.421558,0.426741,0.035371,0.116330
0.421096,0.426559,0.035410,0.116935
0.420661,0.426353,0.035449,0.117537
0.420253,0.426130,0.035486,0.118131
0.419860,0.425901,0.035523,0.118716
0.419471,0.425672,0.035559,0.119298
0.419086,0.425439,0.035592,0.119884
0.418703,0.425196,0.035622,0.120478
0.418320,0.424948,0.035652,0.121080
0.417933,0.424700,0.035685,0.121682
0.417541,0.424448,0.035721,0.122290
0.417146,0.424184,0.035760,0.122910
0.416743,0.423913,0.035803,0.123541
0.416328,0.423649,0.035850,0.124173
0.415902,0.423404,0.035897,0.124797
0.415465,0.423182,0.035943,0.125411
0.415018,0.422982,0.035989,0.126012
0.414566,0.422794,0.036038,0.126602
0.414116,0.422611,0.036090,0.127183
0.413662,0.422434,0.036143,0.127760
0.413192,0.422278,0.036193,0.128337
0.412693,0.422156,0.036238,0.128914
0.412168,0.422065,0.036279,0.129488
0.411633,0.421991,0.036317,0.130059
0.411100,0.421920,0.036355,0.130625
0.410570,0.421857,0.036393,0.131181
0.410038,0.421810,0.036428,0.131724
0.409497,0.421781,0.036463,0.132260
0.408943,0.421764,0.036498,0.132795
0.408375,0.421752,0.036533,0.133339
0.407800,0.421743,0.036566,0.133891
0.407224,0.421735,0.036594,0.134447
0.406657,0.421724,0.036619,0.135000
0.406110,0.421702,0.036639,0.135549
0.405580,0.421669,0.036656,0.136095
0.405062,0.421631,0.036669,0.136638
0.404556,0.421589,0.036683,0.137172
0.404056,0.421546,0.036703,0.137695
0.403545,0.421520,0.036731,0.138204
0.403018,0.421520,0.036764,0.138698
0.402491,0.421528,0.036797,0.139184
0.401982,0.421523,0.036827,0.139668
0.401491,0.421506,0.036852,0.140151
0.401009,0.421487,0.036874,0.140630
0.400528,0.421473,0.036894,0.141105
0.400042,0.421465,0.036913,0.141580
0.399547,0.421468,0.036929,0.142057
0.399036,0.421492,0.036942,0.142529
0.398503,0.421549,0.036956,0.142992
0.397945,0.421636,0.036974,0.143444
0.397377,0.421739,0.036997,0.143887
0.396812,0.421834,0.037023,0.144330
0.396253,0.421908,0.037051,0.144788
0.395694,0.421966,0.037078,0.145262
0.395133,0.422015,0.037103,0.145749
0.394572,0.422062,0.037127,0.146239
0.394014,0.422105,0.037152,0.146729
0.393459,0.422144,0.037178,0.147220
0.392906,0.422182,0.037204,0.147708
0.392358,0.422228,0.037227,0.148187
0.391813,0.422284,0.037247,0.148656
0.391277,0.422343,0.037266,0.149114
0.390753,0.422401,0.037282,0.149565
0.390235,0.422461,0.037296,0.150009
0.389715,0.422531,0.037306,0.150448
0.389189,0.422616,0.037314,0.150881
0.388664,0.422714,0.037318,0.151304
0.388148,0.422819,0.037319,0.151714
0.387641,0.422928,0.037318,0.152113
0.387140,0.423037,0.037317,0.152506
0.386646,0.423141,0.037317,0.152896
0.386162,0.423233,0.037317,0.153288
0.385688,0.423313,0.037315,0.153684
0.385221,0.423388,0.037311,0.154080
0.384755,0.423470,0.037306,0.154470
0.384285,0.423562,0.037302,0.154852
0.383814,0.423656,0.037300,0.155230
0.383345,0.423741,0.037302,0.155611
0.382876,0.423819,0.037307,0.155998
0.382403,0.423901,0.037314,0.156382
0.381920,0.424000,0.037319,0.156760
0.381425,0.424115,0.037322,0.157138
0.380916,0.424239,0.037324,0.157521
0.380392,0.424373,0.037324,0.157911
0.379852,0.424521,0.037327,0.158301
0.379293,0.424687,0.037334,0.158687
0.378717,0.424867,0.037348,0.159068
0.378131,0.425051,0.037369,0.159449
0.377545,0.425227,0.037396,0.159832
0.376970,0.425394,0.037426,0.160211
0.376415,0.425554,0.037454,0.160577
0.375886,0.425706,0.037478,0.160931
0.375379,0.425845,0.037497,0.161279
0.374888,0.425970,0.037512,0.161630
0.374402,0.426079,0.037526,0.161993
0.373915,0.426171,0.037541,0.162373
0.373426,0.426247,0.037560,0.162766
0.372942,0.426308,0.037585,0.163166
0.372465,0.426356,0.037617,0.163563
0.371990,0.426394,0.037655,0.163960
0.371508,0.426431,0.037700,0.164362
0.371018,0.426471,0.037745,0.164765
0.370535,0.426513,0.037789,0.165163
0.370073,0.426545,0.037831,0.165551
0.369634,0.426564,0.037874,0.165928
0.369206,0.426578,0.037918,0.166299
0.368781,0.426596,0.037961,0.166662
0.368362,0.426625,0.038001,0.167012
0.367951,0.426661,0.038038,0.167350
0.367553,0.426694,0.038073,0.167680
0.367167,0.426722,0.038107,0.168004
0.366782,0.426753,0.038142,0.168323
0.366385,0.426798,0.038180,0.168638
0.365988,0.426850,0.038216,0.168946
0.365612,0.426894,0.038250,0.169244
0.365264,0.426923,0.038282,0.169531
0.364928,0.426947,0.038315,0.169809
0.364587,0.426986,0.038352,0.170076
0.364231,0.427051,0.038391,0.170327
0.363862,0.427141,0.038434,0.170563
0.363489,0.427247,0.038477,0.170787
0.363117,0.427357,0.038519,0.171006
0.362750,0.427465,0.038560,0.171224
0.362386,0.427570,0.038603,0.171440
0.362014,0.427679,0.038650,0.171657
0.361627,0.427797,0.038702,0.171873
0.361231,0.427923,0.038758,0.172087
0.360834,0.428047,0.038813,0.172306
0.360433,0.428167,0.038866,0.172535
0.360023,0.428291,0.038915,0.172770
0.359608,0.428426,0.038961,0.173004
0.359191,0.428566,0.039003,0.173240
0.358770,0.428699,0.039041,0.173490
0.358344,0.428814,0.039076,0.173766
0.357913,0.428909,0.039110,0.174068
0.357474,0.428996,0.039143,0.174387
0.357016,0.429096,0.039176,0.174712
0.356538,0.429220,0.039211,0.175031
0.356050,0.429359,0.039249,0.175342
0.355560,0.429504,0.039290,0.175647
0.355064,0.429663,0.039331,0.175941
0.354561,0.429845,0.039371,0.176222
0.354056,0.430040,0.039411,0.176493
0.353559,0.430232,0.039454,0.176755
0.353072,0.430417,0.039501,0.177009
0.352588,0.430603,0.039552,0.177256
0.352091,0.430794,0.039606,0.177509
0.351569,0.430985,0.039660,0.177786
0.351018,0.431171,0.039715,0.178096
0.350452,0.431346,0.039768,0.178434
0.349884,0.431512,0.039818,0.178786
0.349318,0.431676,0.039864,0.179141
0.348754,0.431836,0.039907,0.179502
0.348188,0.431988,0.039948,0.179876
0.347620,0.432134,0.039989,0.180257
0.347055,0.432276,0.040032,0.180638
0.346495,0.432414,0.040078,0.181013
0.345935,0.432553,0.040127,0.181385
0.345372,0.432691,0.040178,0.181758
0.344815,0.432823,0.040229,0.182132
0.344272,0.432946,0.040280,0.182503
0.343740,0.433061,0.040328,0.182871
0.343226,0.433165,0.040373,0.183236
0.342744,0.433249,0.040415,0.183593
0.342305,0.433303,0.040452,0.183940
0.341908,0.433325,0.040486,0.184281
0.341542,0.433318,0.040516,0.184624
0.341192,0.433289,0.040546,0.184974
0.340851,0.433243,0.040573,0.185334
0.340518,0.433187,0.040597,0.185698
0.340192,0.433138,0.040616,0.186054
0.339865,0.433105,0.040632,0.186399
0.339536,0.433075,0.040643,0.186746
0.339201,0.433034,0.040651,0.187114
0.338847,0.432992,0.040657,0.187504
0.338467,0.432970,0.040660,0.187902
0.338067,0.432977,0.040660,0.188296
0.337655,0.433009,0.040656,0.188681
0.337238,0.433052,0.040649,0.189061
0.336820,0.433097,0.040640,0.189442
0.336396,0.433148,0.040631,0.189825
0.335968,0.433198,0.040621,0.190213
0.335539,0.433241,0.040612,0.190608
0.335109,0.433281,0.040603,0.191006
0.334680,0.433330,0.040591,0.191399
0.334256,0.433389,0.040575,0.191781
0.333838,0.433449,0.040557,0.192155
0.333426,0.433509,0.040540,0.192525
0.333021,0.433570,0.040523,0.192885
0.332632,0.433630,0.040506,0.193232
0.332264,0.433680,0.040490,0.193565
0.331917,0.433725,0.040475,0.193883
0.331580,0.433769,0.040460,0.194191
0.331245,0.433812,0.040443,0.194500
0.330903,0.433856,0.040424,0.194817
0.330546,0.433915,0.040402,0.195137
0.330169,0.433998,0.040378,0.195454
0.329776,0.434110,0.040352,0.195762
0.329370,0.434246,0.040322,0.196062
0.328956,0.434393,0.040289,0.196362
0.328543,0.434538,0.040254,0.196665
0.328134,0.434680,0.040219,0.196967
0.327723,0.434827,0.040185,0.197265
0.327308,0.434979,0.040151,0.197563
0.326888,0.435127,0.040113,0.197873
0.326465,0.435258,0.040071,0.198207
0.326043,0.435361,0.040027,0.198569
0.325624,0.435436,0.039986,0.198955
0.325207,0.435495,0.039949,0.199349
0.324794,0.435551,0.039916,0.199739
0.324394,0.435604,0.039885,0.200117
0.324013,0.435648,0.039854,0.200485
0.323648,0.435680,0.039821,0.200851
0.323287,0.435706,0.039788,0.201219
0.322926,0.435731,0.039752,0.201590
0.322571,0.435747,0.039715,0.201967
0.322234,0.435743,0.039676,0.202347
0.321920,0.435716,0.039634,0.202729
0.321629,0.435675,0.039591,0.203105
0.321353,0.435633,0.039545,0.203469
0.321084,0.435599,0.039499,0.203818
0.320820,0.435574,0.039450,0.204156
0.320562,0.435551,0.039399,0.204488
0.320315,0.435517,0.039347,0.204821
0.320074,0.435474,0.039295,0.205158
0.319828,0.435431,0.039243,0.205498
0.319573,0.435391,0.039192,0.205844
0.319314,0.435342,0.039142,0.206202
0.319061,0.435275,0.039091,0.206574
0.318819,0.435187,0.039038,0.206956
0.318591,0.435085,0.038985,0.207339
0.318381,0.434969,0.038938,0.207712
0.318186,0.434839,0.038898,0.208076
0.318003,0.434691,0.038866,0.208439
0.317828,0.434520,0.038835,0.208816
0.317659,0.434315,0.038808,0.209218
0.317499,0.434071,0.038786,0.209644
0.317349,0.433795,0.038774,0.210083
0.317202,0.433510,0.038769,0.210519
0.317058,0.433233,0.038770,0.210938
0.316925,0.432965,0.038772,0.211338
0.316813,0.432690,0.038771,0.211727
0.316720,0.432399,0.038770,0.212111
0.316640,0.432102,0.038771,0.212488
0.316559,0.431818,0.038774,0.212849
0.316471,0.431558,0.038779,0.213192
0.316375,0.431313,0.038784,0.213528
0.316273,0.431070,0.038790,0.213868
0.316168,0.430826,0.038796,0.214211
0.316067,0.430575,0.038802,0.214556
0.315980,0.430307,0.038809,0.214904
0.315908,0.430017,0.038817,0.215258
0.315841,0.429713,0.038824,0.215622
0.315770,0.429409,0.038829,0.215993
0.315696,0.429106,0.038833,0.216364
0.315630,0.428801,0.038838,0.216731
0.315577,0.428486,0.038845,0.217092
0.315538,0.428159,0.038854,0.217449
0.315501,0.427836,0.038863,0.217799
0.315459,0.427532,0.038871,0.218137
0.315413,0.427250,0.038877,0.218460
0.315363,0.426989,0.038880,0.218768
0.315307,0.426749,0.038881,0.219063
0.315247,0.426521,0.038881,0.219352
0.315182,0.426301,0.038881,0.219636
0.315112,0.426099,0.038881,0.219908
0.315038,0.425921,0.038878,0.220163
0.314963,0.425761,0.038872,0.220404
0.314892,0.425609,0.038863,0.220636
0.314833,0.425452,0.038853,0.220861
0.314785,0.425289,0.038843,0.221083
0.314742,0.425120,0.038836,0.221302
0.314707,0.424943,0.038831,0.221519
0.314682,0.424757,0.038827,0.221735
0.314668,0.424559,0.038820,0.221954
0.314662,0.424350,0.038810,0.222178
0.314664,0.424129,0.038799,0.222408
0.314674,0.423900,0.038786,0.222641
0.314692,0.423664,0.038772,0.222872
0.314719,0.423429,0.038757,0.223095
0.314754,0.423200,0.038741,0.223304
0.314797,0.422980,0.038724,0.223499
0.314845,0.422762,0.038707,0.223686
0.314893,0.422544,0.038689,0.223875
0.314935,0.422325,0.038669,0.224070
0.314972,0.422108,0.038646,0.224273
0.315005,0.421890,0.038622,0.224483
0.315034,0.421671,0.038598,0.224698
0.315056,0.421454,0.038577,0.224912
0.315065,0.421242,0.038563,0.225130
0.315056,0.421033,0.038556,0.225355
0.315033,0.420824,0.038555,0.225587
0.315005,0.420614,0.038559,0.225822
0.314981,0.420400,0.038564,0.226055
0.314964,0.420180,0.038568,0.226289
0.314944,0.419957,0.038574,0.226525
0.314919,0.419734,0.038585,0.226762
0.314894,0.419511,0.038600,0.226994
0.314875,0.419285,0.038619,0.227221
0.314862,0.419054,0.038638,0.227446
0.314856,0.418819,0.038656,0.227669
0.314851,0.418583,0.038673,0.227893
0.314843,0.418348,0.038687,0.228122
0.314832,0.418113,0.038701,0.228353
0.314816,0.417887,0.038714,0.228583
0.314790,0.417678,0.038725,0.228808
0.314755,0.417481,0.038733,0.229031
0.314713,0.417287,0.038740,0.229260
0.314667,0.417090,0.038747,0.229496
0.314616,0.416889,0.038758,0.229737
0.314563,0.416687,0.038772,0.229978
0.314505,0.416488,0.038790,0.230217
0.314444,0.416295,0.038807,0.230454
0.314385,0.416105,0.038822,0.230688
0.314333,0.415914,0.038834,0.230919
0.314286,0.415721,0.038844,0.231150
0.314239,0.415538,0.038852,0.231371
0.314190,0.415382,0.038857,0.231571
0.314139,0.415264,0.038856,0.231741
0.314082,0.415178,0.038852,0.231888
0.314025,0.415106,0.038847,0.232022
0.313978,0.415028,0.038846,0.232148
0.313938,0.414948,0.038847,0.232266
0.313891,0.414883,0.038851,0.232375
0.313829,0.414840,0.038853,0.232478
0.313751,0.414815,0.038854,0.232580
0.313663,0.414796,0.038856,0.232685
0.313573,0.414773,0.038862,0.232792
0.313484,0.414744,0.038875,0.232896
0.313399,0.414713,0.038895,0.232994
0.313317,0.414683,0.038917,0.233083
0.313242,0.414657,0.038938,0.233163
0.313173,0.414634,0.038959,0.233234
0.313111,0.414609,0.038981,0.233299
0.313051,0.414589,0.039004,0.233356
0.312981,0.414587,0.039025,0.233407
0.312895,0.414610,0.039046,0.233449
0.312795,0.414651,0.039067,0.233487
0.312688,0.414697,0.039090,0.233525
0.312576,0.414740,0.039114,0.233570
0.312462,0.414777,0.039136,0.233625
0.312351,0.414805,0.039156,0.233688
0.312248,0.414823,0.039175,0.233754
0.312150,0.414833,0.039193,0.233824
0.312053,0.414836,0.039209,0.233901
0.311959,0.414828,0.039225,0.233988
0.311867,0.414806,0.039240,0.234087
0.311774,0.414776,0.039254,0.234196
0.311673,0.414746,0.039265,0.234316
0.311565,0.414720,0.039275,0.234440
0.311457,0.414697,0.039283,0.234563
0.311348,0.414676,0.039292,0.234684
0.311230,0.414666,0.039303,0.234801
0.311100,0.414677,0.039315,0.234908
0.310959,0.414708,0.039327,0.235005
0.310810,0.414749,0.039340,0.235101
0.310652,0.414789,0.039354,0.235205
0.310478,0.414839,0.039365,0.235318
0.310282,0.414914,0.039375,0.235429
0.310064,0.415020,0.039386,0.235530
0.309831,0.415147,0.039403,0.235619
0.309592,0.415283,0.039427,0.235699
0.309353,0.415419,0.039454,0.235775
0.309109,0.415559,0.039481,0.235851
0.308857,0.415712,0.039506,0.235925
0.308596,0.415882,0.039531,0.235992
0.308330,0.416069,0.039555,0.236046
0.308064,0.416263,0.039580,0.236092
0.307798,0.416454,0.039607,0.236142
0.307524,0.416650,0.039632,0.236195
0.307239,0.416858,0.039654,0.236249
0.306950,0.417072,0.039674,0.236304
0.306664,0.417287,0.039692,0.236358
0.306381,0.417507,0.039708,0.236404
0.306100,0.417739,0.039721,0.236440
0.305820,0.417977,0.039733,0.236470
0.305542,0.418214,0.039742,0.236502
0.305263,0.418452,0.039749,0.236536
0.304980,0.418693,0.039756,0.236572
0.304696,0.418933,0.039761,0.236610
0.304415,0.419170,0.039766,0.236648
0.304139,0.419403,0.039771,0.236688
0.303866,0.419628,0.039774,0.236731
0.303594,0.419852,0.039776,0.236779
0.303314,0.420080,0.039776,0.236830
0.303028,0.420315,0.039774,0.236883
0.302740,0.420554,0.039771,0.236935
0.302456,0.420791,0.039768,0.236984
0.302178,0.421024,0.039767,0.237031
0.301905,0.421249,0.039767,0.237079
0.301635,0.421463,0.039767,0.237135
0.301368,0.421665,0.039766,0.237201
0.301102,0.421858,0.039763,0.237276
0.300835,0.422048,0.039760,0.237357
0.300564,0.422238,0.039758,0.237440
0.300291,0.422425,0.039758,0.237526
0.300016,0.422606,0.039759,0.237619
0.299739,0.422783,0.039761,0.237718
0.299452,0.422969,0.039760,0.237820
0.299152,0.423178,0.039757,0.237913
0.298841,0.423419,0.039751,0.237989
0.298523,0.423683,0.039745,0.238049
0.298207,0.423952,0.039740,0.238101
0.297904,0.424212,0.039737,0.238147
0.297610,0.424467,0.039735,0.238187
0.297311,0.424736,0.039732,0.238221
0.296994,0.425037,0.039726,0.238243
0.296654,0.425379,0.039717,0.238250
0.296299,0.425748,0.039706,0.238247
0.295943,0.426120,0.039696,0.238242
0.295593,0.426482,0.039688,0.238237
0.295250,0.426840,0.039683,0.238227
0.294906,0.427201,0.039678,0.238214
0.294563,0.427559,0.039674,0.238204
0.294227,0.427904,0.039671,0.238197
0.293906,0.428232,0.039673,0.238190
0.293594,0.428551,0.039678,0.238177
0.293282,0.428873,0.039684,0.238161
0.292965,0.429203,0.039688,0.238145
0.292651,0.429534,0.039687,0.238127
0.292356,0.429856,0.039683,0.238106
0.292087,0.430160,0.039676,0.238077
0.291841,0.430452,0.039667,0.238040
0.291603,0.430747,0.039656,0.237994
0.291368,0.431053,0.039641,0.237938
0.291141,0.431367,0.039623,0.237868
0.290929,0.431685,0.039603,0.237783
0.290730,0.432005,0.039580,0.237684
0.290542,0.432325,0.039558,0.237575
0.290363,0.432643,0.039536,0.237458
0.290193,0.432958,0.039515,0.237334
0.290029,0.433267,0.039496,0.237208
0.289869,0.433568,0.039479,0.237085
0.289720,0.433855,0.039462,0.236963
0.289592,0.434130,0.039443,0.236835
0.289484,0.434404,0.039420,0.236692
0.289389,0.434685,0.039394,0.236531
0.289300,0.434979,0.039366,0.236354
0.289209,0.435287,0.039337,0.236166
0.289119,0.435601,0.039309,0.235972
0.289042,0.435905,0.039281,0.235773
0.288994,0.436187,0.039252,0.235568
0.288980,0.436445,0.039220,0.235355
0.288999,0.436682,0.039186,0.235134
0.289039,0.436900,0.039149,0.234912
0.289090,0.437103,0.039112,0.234695
0.289160,0.437288,0.039073,0.234479
0.289259,0.437449,0.039033,0.234259
0.289388,0.437595,0.038989,0.234028
0.289530,0.437745,0.038943,0.233783
0.289669,0.437914,0.038893,0.233524
0.289802,0.438099,0.038842,0.233256
0.289929,0.438293,0.038791,0.232987
0.290043,0.438505,0.038739,0.232713
0.290142,0.438746,0.038684,0.232428
0.290232,0.439011,0.038627,0.232131
0.290324,0.439282,0.038567,0.231827
0.290424,0.439546,0.038508,0.231522
0.290525,0.439803,0.038449,0.231223
0.290626,0.440053,0.038390,0.230931
0.290737,0.440288,0.038332,0.230643
0.290863,0.440510,0.038275,0.230352
0.290994,0.440732,0.038218,0.230057
0.291117,0.440962,0.038161,0.229760
0.291234,0.441195,0.038101,0.229470
0.291350,0.441419,0.038040,0.229192
0.291470,0.441626,0.037977,0.228927
0.291595,0.441821,0.037914,0.228671
0.291719,0.442010,0.037852,0.228419
0.291837,0.442198,0.037794,0.228172
0.291945,0.442386,0.037738,0.227931
0.292045,0.442579,0.037682,0.227694
0.292138,0.442780,0.037625,0.227457
0.292228,0.442987,0.037565,0.227220
0.292316,0.443195,0.037504,0.226986
0.292405,0.443399,0.037442,0.226755
0.292497,0.443602,0.037378,0.226523
0.292598,0.443807,0.037312,0.226283
0.292707,0.444011,0.037248,0.226035
0.292820,0.444212,0.037188,0.225781
0.292933,0.444407,0.037134,0.225525
0.293044,0.444596,0.037089,0.225271
0.293154,0.444774,0.037050,0.225022
0.293261,0.444943,0.037015,0.224782
0.293366,0.445102,0.036982,0.224551
0.293468,0.445253,0.036949,0.224330
0.293567,0.445398,0.036917,0.224118
0.293660,0.445542,0.036888,0.223910
0.293751,0.445684,0.036860,0.223705
0.293843,0.445824,0.036835,0.223498
0.293938,0.445956,0.036815,0.223292
0.294038,0.446078,0.036798,0.223087
0.294138,0.446197,0.036781,0.222884
0.294236,0.446319,0.036764,0.222681
0.294325,0.446443,0.036748,0.222484
0.294406,0.446561,0.036732,0.222301
0.294480,0.446667,0.036719,0.222134
0.294554,0.446755,0.036708,0.221983
0.294632,0.446826,0.036699,0.221842
0.294721,0.446880,0.036693,0.221706
0.294824,0.446920,0.036687,0.221569
0.294937,0.446949,0.036680,0.221433
0.295055,0.446969,0.036674,0.221302
0.295176,0.446980,0.036668,0.221176
0.295299,0.446987,0.036661,0.221052
0.295421,0.446999,0.036654,0.220926
0.295535,0.447024,0.036646,0.220795
0.295644,0.447058,0.036640,0.220657
0.295753,0.447095,0.036635,0.220517
0.295864,0.447123,0.036631,0.220382
0.295974,0.447140,0.036630,0.220256
0.296080,0.447152,0.036630,0.220138
0.296183,0.447161,0.036633,0.220023
0.296284,0.447168,0.036637,0.219912
0.296379,0.447178,0.036640,0.219803
0.296461,0.447203,0.036640,0.219696
0.296532,0.447245,0.036635,0.219587
0.296595,0.447298,0.036627,0.219480
0.296653,0.447354,0.036618,0.219374
0.296706,0.447421,0.036610,0.219262
0.296757,0.447511,0.036603,0.219129
0.296805,0.447630,0.036596,0.218970
0.296844,0.447773,0.036589,0.218794
0.296873,0.447935,0.036582,0.218611
0.296894,0.448107,0.036575,0.218424
0.296911,0.448285,0.036569,0.218235
0.296925,0.448466,0.036564,0.218046
0.296934,0.448647,0.036559,0.217860
0.296938,0.448826,0.036554,0.217682
0.296929,0.449004,0.036550,0.217517
0.296905,0.449185,0.036548,0.217361
0.296877,0.449367,0.036548,0.217208
0.296855,0.449544,0.036551,0.217050
0.296843,0.449711,0.036556,0.216891
0.296837,0.449870,0.036562,0.216732
0.296827,0.450034,0.036567,0.216572
0.296807,0.450219,0.036570,0.216404
0.296772,0.450430,0.036571,0.216226
0.296725,0.450661,0.036572,0.216041
0.296676,0.450897,0.036572,0.215855
0.296636,0.451122,0.036570,0.215672
0.296610,0.451331,0.036567,0.215492
0.296602,0.451524,0.036563,0.215311
0.296612,0.451704,0.036557,0.215127
0.296637,0.451874,0.036550,0.214939
0.296671,0.452043,0.036540,0.214747
0.296706,0.452216,0.036527,0.214551
0.296736,0.452397,0.036513,0.214354
0.296754,0.452590,0.036499,0.214157
0.296759,0.452797,0.036484,0.213960
0.296755,0.453018,0.036470,0.213757
0.296745,0.453244,0.036455,0.213555
0.296730,0.453463,0.036441,0.213366
0.296708,0.453669,0.036426,0.213197
0.296676,0.453866,0.036411,0.213047
0.296640,0.454057,0.036395,0.212908
0.296613,0.454239,0.036379,0.212769
0.296607,0.454400,0.036366,0.212626
0.296628,0.454529,0.036359,0.212484
0.296671,0.454629,0.036358,0.212342
0.296728,0.454709,0.036364,0.212199
0.296792,0.454781,0.036372,0.212055
0.296856,0.454853,0.036380,0.211911
0.296921,0.454925,0.036386,0.211768
0.296986,0.454994,0.036391,0.211629
0.297052,0.455061,0.036396,0.211491
0.297120,0.455126,0.036403,0.211352
0.297190,0.455191,0.036410,0.211209
0.297264,0.455254,0.036419,0.211063
0.297341,0.455314,0.036429,0.210916
0.297419,0.455371,0.036438,0.210771
0.297496,0.455426,0.036447,0.210631
0.297567,0.455480,0.036454,0.210500
0.297633,0.455533,0.036458,0.210376
0.297698,0.455585,0.036461,0.210256
0.297763,0.455635,0.036464,0.210138
0.297828,0.455683,0.036468,0.210022
0.297892,0.455726,0.036472,0.209911
0.297956,0.455765,0.036476,0.209803
0.298024,0.455802,0.036480,0.209695
0.298102,0.455829,0.036482,0.209586
0.298194,0.455845,0.036484,0.209477
0.298298,0.455851,0.036485,0.209367
0.298410,0.455856,0.036483,0.209251
0.298524,0.455865,0.036480,0.209130
0.298645,0.455871,0.036477,0.209007
0.298778,0.455865,0.036474,0.208883
0.298923,0.455851,0.036471,0.208754
0.299067,0.455841,0.036470,0.208622
0.299200,0.455841,0.036469,0.208490
0.299325,0.455844,0.036467,0.208364
0.299448,0.455840,0.036462,0.208249
0.299571,0.455824,0.036455,0.208149
0.299694,0.455800,0.036447,0.208059
0.299815,0.455773,0.036438,0.207975
0.299930,0.455745,0.036428,0.207897
0.300041,0.455714,0.036417,0.207828
0.300151,0.455682,0.036406,0.207761
0.300265,0.455653,0.036392,0.207690
0.300389,0.455629,0.036377,0.207605
0.300522,0.455614,0.036360,0.207504
0.300665,0.455606,0.036340,0.207389
0.300816,0.455599,0.036317,0.207269
0.300971,0.455587,0.036293,0.207149
0.301123,0.455583,0.036269,0.207025
0.301270,0.455597,0.036243,0.206890
0.301422,0.455626,0.036214,0.206738
0.301587,0.455657,0.036180,0.206576
0.301764,0.455684,0.036142,0.206410
0.301942,0.455709,0.036102,0.206247
0.302119,0.455731,0.036060,0.206091
0.302294,0.455750,0.036017,0.205939
0.302467,0.455773,0.035973,0.205787
0.302632,0.455806,0.035928,0.205634
0.302788,0.455847,0.035883,0.205483
0.302940,0.455887,0.035839,0.205334
0.303095,0.455919,0.035799,0.205187
0.303254,0.455938,0.035763,0.205045
0.303421,0.455939,0.035730,0.204910
0.303597,0.455922,0.035697,0.204784
0.303780,0.455891,0.035664,0.204665
0.303963,0.455858,0.035629,0.204550
0.304143,0.455832,0.035593,0.204433
0.304323,0.455811,0.035555,0.204311
0.304506,0.455791,0.035517,0.204187
0.304693,0.455766,0.035479,0.204062
0.304888,0.455734,0.035444,0.203934
0.305096,0.455689,0.035412,0.203804
0.305318,0.455633,0.035382,0.203667
0.305550,0.455571,0.035354,0.203525
0.305786,0.455506,0.035328,0.203381
0.306022,0.455439,0.035301,0.203238
0.306259,0.455367,0.035275,0.203099
0.306501,0.455290,0.035248,0.202961
0.306748,0.455211,0.035220,0.202820
0.307000,0.455133,0.035192,0.202675
0.307259,0.455055,0.035161,0.202524
0.307525,0.454973,0.035130,0.202373
0.307792,0.454883,0.035099,0.202226
0.308055,0.454787,0.035071,0.202087
0.308317,0.454681,0.035047,0.201954
0.308579,0.454566,0.035027,0.201828
0.308838,0.454447,0.035010,0.201705
0.309094,0.454329,0.034994,0.201583
0.309348,0.454215,0.034977,0.201461
0.309598,0.454102,0.034960,0.201341
0.309842,0.453990,0.034946,0.201223
0.310080,0.453879,0.034934,0.201107
0.310313,0.453767,0.034922,0.200997
0.310539,0.453659,0.034909,0.200894
0.310755,0.453561,0.034894,0.200789
0.310962,0.453479,0.034878,0.200681
0.311159,0.453409,0.034860,0.200573
0.311346,0.453346,0.034840,0.200467
0.311529,0.453289,0.034819,0.200362
0.311713,0.453237,0.034799,0.200251
0.311901,0.453187,0.034779,0.200133
0.312088,0.453136,0.034760,0.200016
0.312267,0.453087,0.034741,0.199904
0.312435,0.453047,0.034725,0.199793
0.312593,0.453022,0.034712,0.199672
0.312745,0.453015,0.034703,0.199537
0.312886,0.453020,0.034695,0.199399
0.313015,0.453030,0.034686,0.199269
0.313138,0.453038,0.034675,0.199149
0.313259,0.453047,0.034662,0.199032
0.313377,0.453064,0.034646,0.198913
0.313490,0.453084,0.034629,0.198797
0.313599,0.453104,0.034614,0.198683
0.313703,0.453125,0.034601,0.198571
0.313798,0.453154,0.034590,0.198458
0.313882,0.453194,0.034583,0.198341
0.313957,0.453244,0.034577,0.198223
0.314032,0.453292,0.034570,0.198106
0.314115,0.453327,0.034562,0.197996
0.314211,0.453349,0.034552,0.197888
0.314320,0.453357,0.034540,0.197783
0.314438,0.453348,0.034525,0.197689
0.314563,0.453318,0.034508,0.197611
0.314690,0.453272,0.034489,0.197549
0.314818,0.453217,0.034467,0.197498
0.314943,0.453163,0.034443,0.197451
0.315064,0.453115,0.034417,0.197403
0.315183,0.453074,0.034391,0.197353
0.315306,0.453030,0.034363,0.197302
0.315442,0.452979,0.034334,0.197245
0.315592,0.452921,0.034304,0.197184
0.315749,0.452858,0.034273,0.197120
0.315907,0.452795,0.034244,0.197054
0.316062,0.452735,0.034216,0.196987
0.316216,0.452673,0.034189,0.196921
0.316368,0.452606,0.034162,0.196864
0.316515,0.452526,0.034136,0.196823
0.316656,0.452428,0.034111,0.196805
0.316789,0.452309,0.034091,0.196811
0.316915,0.452174,0.034077,0.196835
0.317036,0.452034,0.034067,0.196863
0.317158,0.451896,0.034059,0.196887
0.317281,0.451754,0.034050,0.196915
0.317402,0.451603,0.034042,0.196953
0.317518,0.451441,0.034035,0.197005
0.317627,0.451274,0.034029,0.197069
0.317728,0.451108,0.034024,0.197140
0.317823,0.450950,0.034017,0.197210
0.317912,0.450805,0.034008,0.197275
0.317999,0.450668,0.033998,0.197335
0.318085,0.450536,0.033986,0.197392
0.318169,0.450409,0.033973,0.197448
0.318245,0.450294,0.033959,0.197502
0.318308,0.450193,0.033944,0.197555
0.318369,0.450096,0.033927,0.197609
0.318439,0.449989,0.033908,0.197664
0.318524,0.449865,0.033888,0.197722
0.318623,0.449728,0.033867,0.197782
0.318728,0.449583,0.033846,0.197843
0.318834,0.449434,0.033826,0.197906
0.318937,0.449285,0.033809,0.197968
0.319041,0.449134,0.033796,0.198029
0.319149,0.448976,0.033785,0.198090
0.319268,0.448804,0.033774,0.198153
0.319405,0.448614,0.033762,0.198219
0.319566,0.448399,0.033748,0.198287
0.319755,0.448163,0.033731,0.198351
0.319968,0.447912,0.033711,0.198409
0.320194,0.447659,0.033688,0.198459
0.320423,0.447409,0.033664,0.198504
0.320658,0.447156,0.033638,0.198548
0.320908,0.446892,0.033610,0.198590
0.321174,0.446616,0.033581,0.198629
0.321450,0.446334,0.033552,0.198665
0.321731,0.446047,0.033524,0.198698
0.322011,0.445763,0.033499,0.198728
0.322281,0.445490,0.033476,0.198753
0.322539,0.445235,0.033453,0.198773
0.322783,0.444997,0.033432,0.198788
0.323015,0.444766,0.033412,0.198806
0.323239,0.444535,0.033397,0.198829
0.323456,0.444303,0.033384,0.198857
0.323670,0.444071,0.033371,0.198888
0.323876,0.443844,0.033359,0.198920
0.324074,0.443625,0.033347,0.198953
0.324265,0.443418,0.033335,0.198982
0.324451,0.443223,0.033323,0.199003
0.324631,0.443042,0.033308,0.199019
0.324807,0.442870,0.033293,0.199030
0.324977,0.442703,0.033278,0.199042
0.325141,0.442538,0.033265,0.199056
0.325302,0.442373,0.033253,0.199072
0.325464,0.442201,0.033243,0.199092
0.325633,0.442020,0.033232,0.199115
0.325810,0.441836,0.033222,0.199132
0.326004,0.441654,0.033211,0.199132
