0.481945,0.439302,0.071049,0.007704
0.480035,0.438542,0.072982,0.008442
0.478158,0.437800,0.074877,0.009165
0.476333,0.437054,0.076740,0.009874
0.474569,0.436288,0.078577,0.010567
0.472863,0.435502,0.080392,0.011243
0.471193,0.434713,0.082189,0.011904
0.469532,0.433945,0.083972,0.012552
0.467860,0.433209,0.085743,0.013188
0.466180,0.432497,0.087509,0.013814
0.464503,0.431792,0.089274,0.014431
0.462825,0.431093,0.091043,0.015039
0.461135,0.430411,0.092817,0.015638
0.459425,0.429748,0.094598,0.016229
0.457701,0.429095,0.096389,0.016815
0.455975,0.428439,0.098188,0.017398
0.454258,0.427773,0.099991,0.017978
0.452553,0.427102,0.101791,0.018555
0.450854,0.426437,0.103581,0.019128
0.449158,0.425789,0.105355,0.019697
0.447474,0.425153,0.107112,0.020260
0.445814,0.424518,0.108850,0.020818
0.444181,0.423883,0.110566,0.021369
0.442577,0.423252,0.112261,0.021910
0.440999,0.422627,0.113935,0.022439
0.439442,0.422013,0.115590,0.022955
0.437904,0.421412,0.117226,0.023458
0.436386,0.420822,0.118843,0.023949
0.434890,0.420240,0.120442,0.024429
0.433404,0.419678,0.122019,0.024899
0.431907,0.419160,0.123574,0.025360
0.430386,0.418704,0.125102,0.025808
0.428844,0.418309,0.126603,0.026244
0.427299,0.417962,0.128074,0.026665
0.425772,0.417639,0.129517,0.027073
0.424272,0.417318,0.130935,0.027475
0.422803,0.416984,0.132334,0.027879
0.421371,0.416628,0.133714,0.028287
0.419992,0.416241,0.135070,0.028697
0.418682,0.415821,0.136394,0.029103
0.417431,0.415384,0.137684,0.029501
0.416209,0.414957,0.138944,0.029890
0.414978,0.414574,0.140174,0.030274
0.413711,0.414258,0.141373,0.030657
0.412402,0.414013,0.142543,0.031042
0.411068,0.413812,0.143687,0.031433
0.409746,0.413618,0.144806,0.031830
0.408455,0.413422,0.145894,0.032228
0.407190,0.413244,0.146945,0.032621
0.405935,0.413106,0.147954,0.033005
0.404678,0.413014,0.148923,0.033385
0.403417,0.412961,0.149857,0.033765
0.402159,0.412927,0.150769,0.034145
0.400914,0.412895,0.151665,0.034525
0.399679,0.412873,0.152545,0.034903
0.398448,0.412876,0.153401,0.035275
0.397219,0.412907,0.154234,0.035640
0.395993,0.412961,0.155046,0.036000
0.394773,0.413029,0.155842,0.036355
0.393558,0.413106,0.156630,0.036707
0.392345,0.413189,0.157411,0.037055
0.391133,0.413282,0.158185,0.037399
0.389927,0.413389,0.158946,0.037738
0.388727,0.413514,0.159689,0.038070
0.387534,0.413656,0.160415,0.038396
0.386354,0.413809,0.161120,0.038717
0.385196,0.413961,0.161804,0.039038
0.384066,0.414102,0.162468,0.039365
0.382961,0.414231,0.163115,0.039693
0.381876,0.414353,0.163753,0.040018
0.380810,0.414463,0.164385,0.040342
0.379756,0.414560,0.165012,0.040672
0.378705,0.414655,0.165627,0.041013
0.377645,0.414764,0.166226,0.041366
0.376569,0.414889,0.166808,0.041733
0.375491,0.415017,0.167376,0.042115
0.374430,0.415125,0.167933,0.042511
0.373393,0.415204,0.168487,0.042916
0.372374,0.415259,0.169046,0.043321
0.371366,0.415295,0.169620,0.043720
0.370370,0.415313,0.170204,0.044113
0.369392,0.415310,0.170789,0.044509
0.368426,0.415284,0.171372,0.044918
0.367458,0.415228,0.171964,0.045350
0.366484,0.415136,0.172571,0.045809
0.365513,0.415008,0.173186,0.046292
0.364557,0.414857,0.173797,0.046789
0.363618,0.414703,0.174393,0.047286
0.362691,0.414558,0.174972,0.047779
0.361767,0.414409,0.175545,0.048279
0.360850,0.414237,0.176116,0.048797
0.359936,0.414034,0.176689,0.049341
0.359021,0.413807,0.177261,0.049911
0.358100,0.413569,0.177827,0.050504
0.357172,0.413336,0.178383,0.051108
0.356241,0.413122,0.178926,0.051710
0.355314,0.412930,0.179455,0.052301
0.354397,0.412750,0.179972,0.052881
0.353492,0.412574,0.180483,0.053451
0.352598,0.412405,0.180989,0.054009
0.351712,0.412250,0.181486,0.054551
0.350846,0.412111,0.181966,0.055077
0.350012,0.411980,0.182423,0.055586
0.349220,0.411848,0.182855,0.056078
0.348474,0.411708,0.183264,0.056554
0.347769,0.411560,0.183656,0.057016
0.347089,0.411409,0.184038,0.057464
0.346416,0.411270,0.184415,0.057899
0.345741,0.411150,0.184789,0.058321
0.345065,0.411046,0.185158,0.058732
0.344397,0.410944,0.185522,0.059137
0.343749,0.410828,0.185881,0.059543
0.343128,0.410689,0.186232,0.059950
0.342536,0.410536,0.186569,0.060359
0.341963,0.410385,0.186883,0.060769
0.341399,0.410253,0.187170,0.061179
0.340834,0.410153,0.187426,0.061588
0.340261,0.410096,0.187650,0.061993
0.339675,0.410086,0.187844,0.062394
0.339079,0.410117,0.188014,0.062791
0.338477,0.410173,0.188166,0.063184
0.337879,0.410236,0.188309,0.063576
0.337291,0.410297,0.188447,0.063965
0.336711,0.410356,0.188584,0.064349
0.336143,0.410412,0.188717,0.064728
0.335589,0.410461,0.188845,0.065105
0.335046,0.410507,0.188966,0.065481
0.334514,0.410557,0.189078,0.065852
0.333997,0.410606,0.189181,0.066215
0.333498,0.410653,0.189279,0.066570
0.333005,0.410709,0.189369,0.066917
0.332506,0.410794,0.189446,0.067255
0.331991,0.410916,0.189507,0.067586
0.331463,0.411073,0.189552,0.067913
0.330930,0.411253,0.189584,0.068233
0.330397,0.411448,0.189610,0.068545
0.329862,0.411651,0.189637,0.068850
0.329321,0.411856,0.189670,0.069154
0.328778,0.412052,0.189709,0.069461
0.328238,0.412241,0.189750,0.069772
0.327698,0.412433,0.189789,0.070080
0.327154,0.412633,0.189833,0.070380
0.326606,0.412828,0.189890,0.070675
0.326062,0.413014,0.189959,0.070966
0.325531,0.413189,0.190029,0.071251
0.325021,0.413348,0.190099,0.071532
0.324533,0.413493,0.190166,0.071807
0.324058,0.413639,0.190228,0.072076
0.323579,0.413795,0.190282,0.072344
0.323087,0.413956,0.190338,0.072619
0.322597,0.414103,0.190401,0.072899
0.322126,0.414217,0.190475,0.073182
0.321684,0.414292,0.190558,0.073466
0.321270,0.414337,0.190645,0.073747
0.320878,0.414367,0.190732,0.074023
0.320496,0.414385,0.190824,0.074295
0.320115,0.414388,0.190933,0.074563
0.319730,0.414370,0.191067,0.074832
0.319348,0.414324,0.191225,0.075103
0.318981,0.414246,0.191395,0.075378
0.318631,0.414146,0.191568,0.075655
0.318297,0.414030,0.191742,0.075932
0.317971,0.413899,0.191925,0.076205
0.317650,0.413754,0.192123,0.076474
0.317328,0.413604,0.192328,0.076740
0.317006,0.413463,0.192530,0.077001
0.316682,0.413338,0.192721,0.077258
0.316355,0.413225,0.192905,0.077515
0.316032,0.413114,0.193084,0.077770
0.315717,0.413000,0.193261,0.078023
0.315408,0.412884,0.193437,0.078272
0.315106,0.412766,0.193608,0.078521
0.314818,0.412643,0.193766,0.078773
0.314551,0.412508,0.193904,0.079037
0.314311,0.412349,0.194025,0.079315
0.314100,0.412164,0.194134,0.079601
0.313912,0.411968,0.194234,0.079887
0.313730,0.411776,0.194324,0.080169
0.313556,0.411591,0.194406,0.080447
0.313403,0.411403,0.194477,0.080717
0.313281,0.411204,0.194536,0.080979
0.313186,0.410992,0.194585,0.081238
0.313107,0.410766,0.194632,0.081495
0.313030,0.410537,0.194682,0.081751
0.312943,0.410316,0.194738,0.082003
0.312837,0.410110,0.194802,0.082251
0.312710,0.409926,0.194872,0.082493
0.312563,0.409761,0.194950,0.082726
0.312404,0.409609,0.195033,0.082954
0.312246,0.409459,0.195117,0.083178
0.312096,0.409301,0.195203,0.083400
0.311949,0.409139,0.195293,0.083619
0.311798,0.408978,0.195391,0.083833
0.311638,0.408827,0.195494,0.084041
0.311466,0.408689,0.195598,0.084247
0.311282,0.408568,0.195698,0.084451
0.311087,0.408463,0.195793,0.084657
0.310881,0.408372,0.195880,0.084866
0.310668,0.408289,0.195963,0.085079
0.310451,0.408211,0.196042,0.085296
0.310232,0.408148,0.196107,0.085514
0.310021,0.408102,0.196152,0.085725
0.309835,0.408065,0.196176,0.085924
0.309684,0.408022,0.196185,0.086109
0.309570,0.407959,0.196186,0.086284
0.309485,0.407875,0.196187,0.086452
0.309417,0.407777,0.196191,0.086615
0.309360,0.407674,0.196193,0.086773
0.309329,0.407560,0.196186,0.086925
0.309338,0.407427,0.196166,0.087069
0.309384,0.407274,0.196136,0.087206
0.309448,0.407115,0.196101,0.087337
0.309516,0.406952,0.196068,0.087463
0.309592,0.406781,0.196042,0.087585
0.309679,0.406598,0.196020,0.087703
0.309776,0.406409,0.195998,0.087818
0.309873,0.406220,0.195976,0.087931
0.309964,0.406034,0.195955,0.088047
0.310050,0.405846,0.195938,0.088166
0.310134,0.405651,0.195925,0.088290
0.310220,0.405449,0.195916,0.088415
0.310305,0.405247,0.195910,0.088539
0.310382,0.405054,0.195899,0.088666
0.310450,0.404871,0.195879,0.088800
0.310516,0.404693,0.195850,0.088942
0.310588,0.404516,0.195811,0.089085
0.310674,0.404343,0.195762,0.089222
0.310780,0.404170,0.195701,0.089349
0.310902,0.403991,0.195638,0.089469
0.311024,0.403806,0.195587,0.089583
0.311130,0.403634,0.195546,0.089689
0.311218,0.403490,0.195504,0.089788
0.311297,0.403368,0.195454,0.089881
0.311376,0.403247,0.195408,0.089969
0.311462,0.403109,0.195376,0.090053
0.311558,0.402948,0.195357,0.090137
0.311655,0.402774,0.195340,0.090232
0.311739,0.402591,0.195325,0.090345
0.311800,0.402400,0.195323,0.090477
0.311839,0.402195,0.195348,0.090618
0.311863,0.401976,0.195400,0.090761
0.311877,0.401742,0.195468,0.090913
0.311880,0.401494,0.195541,0.091085
0.311865,0.401230,0.195623,0.091282
0.311825,0.400951,0.195725,0.091499
0.311765,0.400664,0.195847,0.091723
0.311696,0.400375,0.195978,0.091951
0.311625,0.400082,0.196104,0.092189
0.311550,0.399782,0.196224,0.092445
0.311461,0.399475,0.196347,0.092717
0.311352,0.399158,0.196485,0.093005
0.311220,0.398826,0.196646,0.093308
0.311070,0.398482,0.196827,0.093621
0.310909,0.398146,0.197010,0.093935
0.310747,0.397835,0.197176,0.094242
0.310592,0.397552,0.197318,0.094538
0.310456,0.397287,0.197436,0.094822
0.310340,0.397029,0.197537,0.095094
0.310243,0.396768,0.197630,0.095359
0.310154,0.396500,0.197720,0.095625
0.310066,0.396227,0.197814,0.095892
0.309977,0.395953,0.197911,0.096159
0.309891,0.395674,0.198008,0.096426
0.309813,0.395387,0.198105,0.096695
0.309739,0.395090,0.198205,0.096966
0.309663,0.394788,0.198315,0.097235
0.309584,0.394479,0.198432,0.097505
0.309502,0.394166,0.198548,0.097784
0.309416,0.393853,0.198657,0.098074
0.309329,0.393541,0.198760,0.098371
0.309259,0.393214,0.198861,0.098666
0.309225,0.392856,0.198967,0.098952
0.309222,0.392472,0.199080,0.099227
0.309223,0.392087,0.199198,0.099493
0.309203,0.391728,0.199319,0.099750
0.309164,0.391402,0.199436,0.099998
0.309126,0.391093,0.199544,0.100237
0.309103,0.390785,0.199642,0.100470
0.309096,0.390474,0.199734,0.100696
0.309095,0.390167,0.199822,0.100916
0.309089,0.389872,0.199910,0.101128
0.309075,0.389592,0.199999,0.101334
0.309051,0.389325,0.200090,0.101534
0.309018,0.389069,0.200180,0.101732
0.308984,0.388824,0.200266,0.101926
0.308953,0.388587,0.200344,0.102116
0.308932,0.388349,0.200416,0.102302
0.308919,0.388107,0.200485,0.102489
0.308908,0.387864,0.200551,0.102677
0.308893,0.387628,0.200614,0.102865
0.308876,0.387402,0.200672,0.103049
0.308861,0.387184,0.200727,0.103229
0.308844,0.386975,0.200780,0.103402
0.308822,0.386780,0.200832,0.103566
0.308795,0.386605,0.200879,0.103721
0.308766,0.386449,0.200920,0.103865
0.308738,0.386304,0.200957,0.104001
0.308715,0.386164,0.200990,0.104131
0.308690,0.386039,0.201014,0.104256
0.308651,0.385951,0.201023,0.104375
0.308581,0.385914,0.201017,0.104488
0.308470,0.385940,0.200995,0.104595
0.308321,0.386030,0.200957,0.104692
0.308150,0.386175,0.200899,0.104777
0.307967,0.386346,0.200830,0.104858
0.307775,0.386516,0.200764,0.104946
0.307575,0.386675,0.200703,0.105047
0.307373,0.386820,0.200643,0.105164
0.307174,0.386950,0.200578,0.105297
0.306981,0.387069,0.200510,0.105439
0.306792,0.387180,0.200441,0.105587
0.306610,0.387280,0.200365,0.105744
0.306440,0.387370,0.200273,0.105916
0.306274,0.387464,0.200166,0.106097
0.306097,0.387581,0.200048,0.106275
0.305909,0.387729,0.199919,0.106443
0.305720,0.387908,0.199770,0.106603
0.305538,0.388110,0.199598,0.106754
0.305364,0.388332,0.199406,0.106898
0.305191,0.388565,0.199203,0.107041
0.305014,0.388795,0.198995,0.107195
0.304832,0.389018,0.198787,0.107364
0.304644,0.389242,0.198574,0.107540
0.304450,0.389477,0.198358,0.107715
0.304248,0.389724,0.198135,0.107893
0.304038,0.389972,0.197908,0.108082
0.303818,0.390210,0.197681,0.108291
0.303587,0.390426,0.197465,0.108522
0.303345,0.390613,0.197266,0.108776
0.303089,0.390771,0.197088,0.109051
0.302824,0.390900,0.196931,0.109344
0.302556,0.391005,0.196788,0.109652
0.302291,0.391091,0.196651,0.109968
0.302039,0.391168,0.196509,0.110283
0.301806,0.391247,0.196358,0.110590
0.301589,0.391332,0.196192,0.110887
0.301378,0.391421,0.196020,0.111181
0.301158,0.391509,0.195855,0.111478
0.300924,0.391586,0.195708,0.111782
0.300681,0.391641,0.195582,0.112096
0.300435,0.391678,0.195472,0.112415
0.300189,0.391709,0.195367,0.112735
0.299946,0.391742,0.195258,0.113054
0.299709,0.391778,0.195141,0.113371
0.299483,0.391815,0.195016,0.113685
0.299267,0.391847,0.194892,0.113995
0.299053,0.391865,0.194779,0.114303
0.298835,0.391866,0.194685,0.114615
0.298609,0.391844,0.194614,0.114933
0.298374,0.391802,0.194568,0.115256
0.298130,0.391742,0.194543,0.115586
0.297879,0.391667,0.194531,0.115922
0.297623,0.391587,0.194525,0.116266
0.297362,0.391508,0.194519,0.116610
0.297096,0.391433,0.194519,0.116953
0.296823,0.391351,0.194526,0.117299
0.296545,0.391256,0.194541,0.117658
0.296262,0.391149,0.194559,0.118029
0.295976,0.391034,0.194581,0.118409
0.295699,0.390909,0.194604,0.118789
0.295442,0.390776,0.194621,0.119161
0.295205,0.390644,0.194628,0.119523
0.294985,0.390515,0.194628,0.119872
0.294771,0.390391,0.194628,0.120210
0.294560,0.390266,0.194634,0.120540
0.294350,0.390136,0.194650,0.120864
0.294143,0.390002,0.194674,0.121181
0.293935,0.389873,0.194699,0.121493
0.293724,0.389750,0.194723,0.121802
0.293508,0.389625,0.194753,0.122115
0.293284,0.389491,0.194795,0.122431
0.293053,0.389349,0.194851,0.122747
0.292817,0.389202,0.194921,0.123059
0.292586,0.389047,0.194995,0.123372
0.292363,0.388883,0.195065,0.123690
0.292141,0.388711,0.195133,0.124015
0.291919,0.388530,0.195205,0.124346
0.291698,0.388339,0.195282,0.124681
0.291480,0.388140,0.195362,0.125019
0.291265,0.387939,0.195443,0.125354
0.291053,0.387736,0.195525,0.125685
0.290844,0.387531,0.195611,0.126014
0.290639,0.387324,0.195700,0.126338
0.290445,0.387114,0.195787,0.126655
0.290261,0.386907,0.195867,0.126965
0.290076,0.386720,0.195938,0.127266
0.289881,0.386567,0.195996,0.127556
0.289679,0.386442,0.196043,0.127836
0.289479,0.386330,0.196084,0.128108
0.289276,0.386233,0.196122,0.128369
0.289057,0.386167,0.196156,0.128619
0.288814,0.386138,0.196185,0.128863
0.288553,0.386134,0.196208,0.129105
0.288286,0.386139,0.196225,0.129350
0.288019,0.386139,0.196241,0.129601
0.287752,0.386133,0.196259,0.129856
0.287484,0.386131,0.196277,0.130108
0.287219,0.386141,0.196285,0.130355
0.286963,0.386159,0.196280,0.130598
0.286716,0.386176,0.196268,0.130839
0.286474,0.386191,0.196259,0.131076
0.286227,0.386208,0.196255,0.131310
0.285973,0.386229,0.196258,0.131540
0.285714,0.386248,0.196269,0.131769
0.285459,0.386261,0.196282,0.131998
0.285223,0.386261,0.196292,0.132224
0.285017,0.386244,0.196297,0.132441
0.284837,0.386211,0.196299,0.132653
0.284671,0.386161,0.196303,0.132866
0.284505,0.386089,0.196311,0.133094
0.284333,0.385991,0.196327,0.133349
0.284150,0.385867,0.196352,0.133631
0.283964,0.385722,0.196385,0.133929
0.283784,0.385564,0.196421,0.134231
0.283606,0.385393,0.196451,0.134549
0.283422,0.385204,0.196475,0.134899
0.283220,0.384995,0.196505,0.135281
0.282994,0.384765,0.196557,0.135684
0.282748,0.384513,0.196642,0.136097
0.282488,0.384239,0.196761,0.136511
0.282223,0.383947,0.196909,0.136921
0.281966,0.383638,0.197073,0.137322
0.281728,0.383314,0.197245,0.137714
0.281510,0.382982,0.197415,0.138093
0.281309,0.382652,0.197578,0.138461
0.281119,0.382323,0.197733,0.138825
0.280930,0.381995,0.197887,0.139188
0.280735,0.381669,0.198046,0.139551
0.280532,0.381347,0.198211,0.139910
0.280326,0.381024,0.198385,0.140264
0.280121,0.380699,0.198567,0.140614
0.279920,0.380368,0.198754,0.140959
0.279723,0.380034,0.198944,0.141299
0.279529,0.379704,0.199134,0.141633
0.279333,0.379386,0.199320,0.141961
0.279136,0.379084,0.199500,0.142280
0.278938,0.378797,0.199672,0.142592
0.278742,0.378524,0.199837,0.142897
0.278550,0.378256,0.199998,0.143196
0.278363,0.377990,0.200156,0.143491
0.278183,0.377724,0.200312,0.143782
0.278007,0.377458,0.200466,0.144069
0.277836,0.377193,0.200620,0.144351
0.277671,0.376930,0.200774,0.144626
0.277508,0.376666,0.200931,0.144896
0.277344,0.376402,0.201092,0.145162
0.277179,0.376138,0.201258,0.145425
0.277015,0.375873,0.201425,0.145687
0.276854,0.375609,0.201591,0.145946
0.276697,0.375348,0.201754,0.146201
0.276545,0.375087,0.201917,0.146451
0.276400,0.374825,0.202080,0.146695
0.276258,0.374559,0.202249,0.146935
0.276120,0.374286,0.202425,0.147169
0.275990,0.374003,0.202610,0.147397
0.275873,0.373700,0.202803,0.147624
0.275769,0.373372,0.203003,0.147857
0.275676,0.373023,0.203204,0.148097
0.275589,0.372664,0.203404,0.148342
0.275505,0.372300,0.203601,0.148594
0.275417,0.371925,0.203796,0.148862
0.275326,0.371530,0.203994,0.149151
0.275234,0.371114,0.204196,0.149456
0.275143,0.370687,0.204402,0.149767
0.275051,0.370263,0.204613,0.150073
0.274954,0.369849,0.204825,0.150372
0.274850,0.369446,0.205041,0.150663
0.274741,0.369051,0.205259,0.150949
0.274625,0.368665,0.205476,0.151234
0.274497,0.368300,0.205685,0.151518
0.274356,0.367961,0.205883,0.151800
0.274204,0.367644,0.206078,0.152075
0.274050,0.367333,0.206275,0.152342
0.273900,0.367012,0.206481,0.152606
0.273756,0.366675,0.206698,0.152871
0.273611,0.366328,0.206921,0.153139
0.273464,0.365979,0.207145,0.153411
0.273324,0.365628,0.207367,0.153681
0.273196,0.365272,0.207591,0.153942
0.273078,0.364910,0.207823,0.154189
0.272964,0.364541,0.208066,0.154429
0.272849,0.364173,0.208314,0.154665
0.272736,0.363813,0.208556,0.154895
0.272629,0.363464,0.208790,0.155118
0.272524,0.363120,0.209022,0.155334
0.272416,0.362776,0.209258,0.155550
0.272310,0.362432,0.209493,0.155764
0.272216,0.362096,0.209717,0.155970
0.272139,0.361777,0.209922,0.156162
0.272083,0.361475,0.210105,0.156337
0.272041,0.361184,0.210274,0.156501
0.272007,0.360900,0.210436,0.156657
0.271977,0.360630,0.210588,0.156805
0.271955,0.360374,0.210727,0.156943
0.271946,0.360127,0.210853,0.157074
0.271950,0.359883,0.210968,0.157199
0.271965,0.359641,0.211076,0.157318
0.271987,0.359401,0.211177,0.157434
0.272013,0.359169,0.211270,0.157549
0.272038,0.358947,0.211356,0.157660
0.272060,0.358732,0.211439,0.157769
0.272081,0.358516,0.211526,0.157876
0.272106,0.358290,0.211619,0.157985
0.272141,0.358046,0.211717,0.158097
0.272190,0.357783,0.211818,0.158208
0.272252,0.357507,0.211923,0.158318
0.272315,0.357226,0.212032,0.158428
0.272371,0.356948,0.212140,0.158541
0.272423,0.356679,0.212243,0.158655
0.272476,0.356416,0.212339,0.158769
0.272530,0.356151,0.212436,0.158882
0.272583,0.355875,0.212541,0.159001
0.272630,0.355581,0.212657,0.159133
0.272671,0.355266,0.212784,0.159278
0.272708,0.354935,0.212923,0.159434
0.272742,0.354598,0.213067,0.159594
0.272777,0.354262,0.213210,0.159751
0.272812,0.353932,0.213351,0.159905
0.272848,0.353611,0.213490,0.160052
0.272881,0.353299,0.213627,0.160193
0.272915,0.352999,0.213758,0.160328
0.272953,0.352713,0.213879,0.160455
0.273004,0.352433,0.213991,0.160572
0.273067,0.352154,0.214094,0.160685
0.273131,0.351875,0.214194,0.160799
0.273190,0.351604,0.214293,0.160913
0.273246,0.351341,0.214392,0.161021
0.273303,0.351084,0.214490,0.161123
0.273364,0.350832,0.214586,0.161219
0.273425,0.350581,0.214683,0.161311
0.273485,0.350327,0.214788,0.161400
0.273543,0.350065,0.214908,0.161484
0.273597,0.349789,0.215045,0.161569
0.273643,0.349495,0.215203,0.161658
0.273679,0.349185,0.215381,0.161756
0.273709,0.348862,0.215571,0.161859
0.273737,0.348532,0.215767,0.161964
0.273765,0.348201,0.215964,0.162070
0.273794,0.347868,0.216160,0.162179
0.273825,0.347532,0.216353,0.162290
0.273859,0.347192,0.216547,0.162402
0.273895,0.346852,0.216739,0.162514
0.273928,0.346522,0.216927,0.162623
0.273959,0.346206,0.217108,0.162727
0.273989,0.345907,0.217279,0.162824
0.274016,0.345622,0.217444,0.162917
0.274041,0.345342,0.217606,0.163010
0.274064,0.345063,0.217767,0.163106
0.274083,0.344790,0.217926,0.163201
0.274096,0.344531,0.218080,0.163294
0.274098,0.344292,0.218229,0.163380
0.274087,0.344076,0.218375,0.163462
0.274062,0.343878,0.218519,0.163541
0.274024,0.343694,0.218665,0.163617
0.273974,0.343523,0.218816,0.163687
0.273916,0.343363,0.218970,0.163752
0.273858,0.343206,0.219124,0.163811
0.273804,0.343052,0.219276,0.163868
0.273745,0.342915,0.219420,0.163919
0.273672,0.342808,0.219554,0.163966
0.273584,0.342730,0.219676,0.164010
0.273487,0.342670,0.219789,0.164054
0.273387,0.342617,0.219896,0.164100
0.273291,0.342563,0.220000,0.164146
0.273201,0.342506,0.220102,0.164191
0.273118,0.342446,0.220202,0.164233
0.273041,0.342383,0.220301,0.164276
0.272962,0.342321,0.220396,0.164320
0.272874,0.342270,0.220491,0.164365
0.272776,0.342230,0.220585,0.164409
0.272672,0.342198,0.220679,0.164451
0.272564,0.342168,0.220770,0.164498
0.272452,0.342133,0.220863,0.164553
0.272336,0.342087,0.220965,0.164611
0.272215,0.342036,0.221080,0.164669
0.272088,0.341987,0.221204,0.164721
0.271951,0.341949,0.221335,0.164765
0.271806,0.341921,0.221468,0.164804
0.271659,0.341899,0.221602,0.164841
0.271513,0.341876,0.221735,0.164876
0.271370,0.341853,0.221866,0.164911
0.271232,0.341831,0.221995,0.164942
0.271100,0.341807,0.222123,0.164970
0.270977,0.341776,0.222250,0.164997
0.270861,0.341735,0.222379,0.165026
0.270742,0.341687,0.222510,0.165062
0.270617,0.341636,0.222643,0.165105
0.270491,0.341579,0.222780,0.165151
0.270372,0.341512,0.222919,0.165197
0.270263,0.341440,0.223054,0.165242
0.270165,0.341369,0.223177,0.165289
0.270076,0.341293,0.223292,0.165339
0.269993,0.341205,0.223410,0.165393
0.269907,0.341104,0.223537,0.165451
0.269814,0.340997,0.223676,0.165513
0.269715,0.340888,0.223823,0.165574
0.269618,0.340778,0.223972,0.165632
0.269527,0.340667,0.224120,0.165686
0.269439,0.340555,0.224266,0.165740
0.269349,0.340448,0.224409,0.165794
0.269251,0.340355,0.224550,0.165844
0.269141,0.340281,0.224689,0.165889
0.269022,0.340220,0.224830,0.165928
0.268900,0.340160,0.224976,0.165963
0.268784,0.340096,0.225125,0.165996
0.268682,0.340027,0.225267,0.166024
0.268601,0.339957,0.225398,0.166043
0.268544,0.339884,0.225518,0.166055
0.268507,0.339804,0.225628,0.166060
0.268480,0.339720,0.225736,0.166064
0.268461,0.339631,0.225842,0.166066
0.268455,0.339538,0.225943,0.166064
0.268461,0.339448,0.226036,0.166055
0.268470,0.339372,0.226121,0.166037
0.268475,0.339315,0.226198,0.166013
0.268472,0.339271,0.226269,0.165987
0.268464,0.339235,0.226334,0.165966
0.268453,0.339199,0.226397,0.165951
0.268440,0.339160,0.226462,0.165938
0.268423,0.339121,0.226530,0.165926
0.268397,0.339087,0.226597,0.165919
0.268365,0.339056,0.226658,0.165920
0.268334,0.339020,0.226716,0.165931
0.268309,0.338976,0.226769,0.165947
0.268292,0.338928,0.226817,0.165963
0.268281,0.338884,0.226859,0.165976
0.268273,0.338840,0.226899,0.165989
0.268263,0.338791,0.226944,0.166002
0.268249,0.338741,0.226996,0.166014
0.268229,0.338699,0.227050,0.166022
0.268207,0.338669,0.227099,0.166025
0.268184,0.338645,0.227149,0.166023
0.268161,0.338619,0.227203,0.166016
0.268138,0.338588,0.227266,0.166009
0.268112,0.338551,0.227333,0.166003
0.268083,0.338514,0.227403,0.166000
0.268051,0.338480,0.227469,0.165999
0.268019,0.338455,0.227528,0.165999
0.267985,0.338439,0.227579,0.165997
0.267949,0.338428,0.227628,0.165995
0.267912,0.338414,0.227679,0.165996
0.267875,0.338391,0.227732,0.166001
0.267840,0.338364,0.227785,0.166011
0.267806,0.338338,0.227835,0.166020
0.267775,0.338317,0.227882,0.166026
0.267750,0.338293,0.227924,0.166033
0.267726,0.338259,0.227962,0.166053
0.267695,0.338215,0.227997,0.166093
0.267650,0.338166,0.228032,0.166152
0.267592,0.338115,0.228069,0.166224
0.267526,0.338065,0.228108,0.166302
0.267460,0.338017,0.228147,0.166376
0.267404,0.337969,0.228182,0.166444
0.267368,0.337915,0.228212,0.166505
0.267357,0.337851,0.228232,0.166560
0.267375,0.337774,0.228243,0.166608
0.267421,0.337683,0.228247,0.166649
0.267488,0.337583,0.228245,0.166685
0.267565,0.337479,0.228239,0.166717
0.267645,0.337377,0.228229,0.166749
0.267727,0.337277,0.228214,0.166782
0.267812,0.337183,0.228190,0.166814
0.267896,0.337096,0.228159,0.166849
0.267977,0.337007,0.228127,0.166890
0.268059,0.336902,0.228101,0.166938
0.268149,0.336777,0.228084,0.166990
0.268251,0.336633,0.228072,0.167043
0.268360,0.336476,0.228061,0.167102
0.268462,0.336306,0.228057,0.167175
0.268544,0.336123,0.228068,0.167265
0.268605,0.335928,0.228100,0.167367
0.268646,0.335723,0.228153,0.167479
0.268673,0.335510,0.228220,0.167596
0.268690,0.335295,0.228297,0.167717
0.268704,0.335079,0.228379,0.167837
0.268719,0.334862,0.228463,0.167955
0.268741,0.334646,0.228543,0.168070
0.268771,0.334429,0.228619,0.168181
0.268813,0.334208,0.228691,0.168287
0.268867,0.333990,0.228758,0.168385
0.268928,0.333784,0.228817,0.168471
0.268996,0.333593,0.228866,0.168545
0.269065,0.333412,0.228908,0.168615
0.269131,0.333238,0.228948,0.168683
0.269189,0.333081,0.228987,0.168744
0.269240,0.332947,0.229019,0.168794
0.269291,0.332837,0.229042,0.168830
0.269344,0.332747,0.229054,0.168855
0.269398,0.332669,0.229060,0.168872
0.269449,0.332592,0.229070,0.168889
0.269487,0.332505,0.229095,0.168912
0.269511,0.332404,0.229137,0.168948
0.269522,0.332287,0.229193,0.168997
0.269526,0.332160,0.229257,0.169057
0.269527,0.332031,0.229321,0.169121
0.269522,0.331907,0.229385,0.169185
0.269508,0.331788,0.229454,0.169249
0.269479,0.331675,0.229529,0.169317
0.269437,0.331569,0.229609,0.169384
0.269388,0.331469,0.229693,0.169450
0.269337,0.331368,0.229781,0.169514
0.269286,0.331264,0.229872,0.169578
0.269233,0.331159,0.229963,0.169645
0.269177,0.331052,0.230054,0.169717
0.269121,0.330940,0.230147,0.169792
0.269067,0.330825,0.230240,0.169868
0.269021,0.330707,0.230332,0.169941
0.268984,0.330584,0.230419,0.170012
0.268954,0.330460,0.230505,0.170082
0.268924,0.330336,0.230591,0.170150
0.268896,0.330209,0.230679,0.170216
0.268875,0.330080,0.230767,0.170279
0.268859,0.329955,0.230850,0.170337
0.268844,0.329841,0.230926,0.170389
0.268828,0.329738,0.230996,0.170438
0.268809,0.329641,0.231064,0.170486
0.268791,0.329542,0.231132,0.170534
0.268773,0.329445,0.231200,0.170581
0.268752,0.329352,0.231269,0.170627
0.268729,0.329266,0.231335,0.170670
0.268709,0.329187,0.231396,0.170708
0.268696,0.329113,0.231451,0.170740
0.268693,0.329039,0.231501,0.170767
0.268695,0.328963,0.231549,0.170793
0.268698,0.328882,0.231598,0.170822
0.268696,0.328790,0.231653,0.170861
0.268685,0.328689,0.231712,0.170914
0.268665,0.328580,0.231772,0.170982
0.268638,0.328470,0.231830,0.171062
0.268607,0.328359,0.231887,0.171147
0.268571,0.328244,0.231944,0.171241
0.268524,0.328122,0.232005,0.171349
0.268463,0.327992,0.232069,0.171476
0.268390,0.327850,0.232135,0.171624
0.268313,0.327695,0.232202,0.171790
0.268236,0.327525,0.232269,0.171971
0.268163,0.327346,0.232334,0.172158
0.268093,0.327170,0.232394,0.172344
0.268025,0.327008,0.232443,0.172524
0.267955,0.326868,0.232479,0.172698
0.267881,0.326749,0.232503,0.172867
0.267804,0.326644,0.232518,0.173033
0.267724,0.326541,0.232534,0.173201
0.267640,0.326434,0.232553,0.173373
0.267558,0.326321,0.232571,0.173549
0.267485,0.326211,0.232579,0.173724
0.267421,0.326111,0.232576,0.173893
0.267364,0.326019,0.232566,0.174050
0.267313,0.325933,0.232554,0.174200
0.267262,0.325850,0.232538,0.174350
0.267211,0.325770,0.232515,0.174504
0.267158,0.325695,0.232482,0.174664
0.267104,0.325623,0.232446,0.174827
0.267051,0.325546,0.232416,0.174987
0.267000,0.325462,0.232393,0.175145
0.266952,0.325371,0.232375,0.175302
0.266904,0.325276,0.232358,0.175461
0.266855,0.325179,0.232343,0.175623
0.266802,0.325078,0.232336,0.175784
0.266749,0.324974,0.232336,0.175941
0.266701,0.324863,0.232343,0.176094
0.266656,0.324746,0.232353,0.176245
0.266613,0.324625,0.232368,0.176395
0.266566,0.324496,0.232393,0.176545
0.266514,0.324360,0.232431,0.176695
0.266461,0.324216,0.232479,0.176843
0.266415,0.324069,0.232529,0.176987
0.266386,0.323913,0.232575,0.177126
0.266377,0.323743,0.232619,0.177261
0.266387,0.323555,0.232668,0.177390
0.266412,0.323354,0.232724,0.177510
0.266441,0.323152,0.232785,0.177622
0.266466,0.322962,0.232847,0.177725
0.266484,0.322787,0.232906,0.177823
0.266501,0.322621,0.232958,0.177920
0.266527,0.322452,0.233004,0.178017
0.266568,0.322275,0.233043,0.178113
0.266625,0.322092,0.233075,0.178208
0.266690,0.321908,0.233103,0.178300
0.266756,0.321728,0.233128,0.178388
0.266818,0.321555,0.233154,0.178473
0.266876,0.321385,0.233182,0.178557
0.266931,0.321216,0.233211,0.178642
0.266987,0.321047,0.233241,0.178726
0.267041,0.320878,0.233272,0.178809
0.267088,0.320708,0.233309,0.178894
0.267127,0.320534,0.233356,0.178984
0.267160,0.320347,0.233414,0.179079
0.267197,0.320148,0.233481,0.179174
0.267240,0.319947,0.233548,0.179265
0.267286,0.319752,0.233609,0.179353
0.267330,0.319556,0.233670,0.179444
0.267374,0.319349,0.233737,0.179539
0.267425,0.319128,0.233810,0.179637
0.267486,0.318895,0.233885,0.179734
0.267552,0.318655,0.233962,0.179830
0.267618,0.318419,0.234040,0.179923
0.267681,0.318195,0.234114,0.180010
0.267749,0.317982,0.234181,0.180089
0.267824,0.317774,0.234240,0.180162
0.267903,0.317567,0.234296,0.180234
0.267980,0.317363,0.234349,0.180307
0.268056,0.317165,0.234395,0.180385
0.268134,0.316966,0.234435,0.180465
0.268215,0.316765,0.234472,0.180548
0.268296,0.316563,0.234506,0.180634
0.268373,0.316360,0.234539,0.180728
0.268445,0.316152,0.234571,0.180831
0.268514,0.315943,0.234602,0.180941
0.268581,0.315735,0.234631,0.181053
0.268645,0.315532,0.234656,0.181167
0.268702,0.315332,0.234676,0.181289
0.268751,0.315132,0.234694,0.181423
0.268792,0.314927,0.234713,0.181568
0.268827,0.314719,0.234735,0.181719
0.268856,0.314513,0.234759,0.181872
0.268879,0.314315,0.234784,0.182022
0.268896,0.314127,0.234805,0.182172
0.268905,0.313948,0.234821,0.182326
0.268908,0.313773,0.234832,0.182487
0.268906,0.313597,0.234842,0.182656
0.268900,0.313418,0.234853,0.182829
0.268892,0.313240,0.234865,0.183003
0.268888,0.313065,0.234876,0.183171
0.268889,0.312896,0.234882,0.183332
0.268893,0.312738,0.234881,0.183488
0.268895,0.312594,0.234871,0.183639
0.268897,0.312460,0.234857,0.183787
0.268904,0.312327,0.234839,0.183931
0.268918,0.312192,0.234820,0.184069
0.268940,0.312053,0.234804,0.184204
0.268965,0.311911,0.234789,0.184335
0.268989,0.311773,0.234776,0.184462
0.269007,0.311644,0.234761,0.184588
0.269019,0.311528,0.234740,0.184713
0.269026,0.311421,0.234715,0.184838
0.269027,0.311319,0.234688,0.184966
0.269022,0.311218,0.234664,0.185097
0.269013,0.311115,0.234644,0.185228
0.269002,0.311010,0.234630,0.185358
0.268994,0.310899,0.234623,0.185484
0.268990,0.310782,0.234617,0.185611
0.268990,0.310656,0.234610,0.185743
0.268997,0.310519,0.234602,0.185882
0.269013,0.310368,0.234595,0.186025
0.269038,0.310204,0.234591,0.186167
0.269073,0.310032,0.234591,0.186304
0.269110,0.309859,0.234594,0.186438
0.269146,0.309692,0.234595,0.186567
0.269187,0.309536,0.234589,0.186688
0.269238,0.309388,0.234572,0.186801
0.269306,0.309241,0.234544,0.186909
0.269388,0.309090,0.234508,0.187014
0.269480,0.308930,0.234468,0.187121
0.269574,0.308763,0.234432,0.187230
0.269664,0.308590,0.234404,0.187342
0.269745,0.308415,0.234385,0.187455
0.269818,0.308243,0.234373,0.187566
0.269884,0.308082,0.234362,0.187672
0.269946,0.307936,0.234348,0.187771
0.270002,0.307802,0.234334,0.187861
0.270052,0.307676,0.234327,0.187944
0.270097,0.307551,0.234330,0.188022
0.270140,0.307420,0.234346,0.188094
0.270184,0.307283,0.234373,0.188161
0.270228,0.307140,0.234407,0.188224
0.270274,0.306996,0.234444,0.188285
0.270322,0.306852,0.234481,0.188346
0.270367,0.306711,0.234517,0.188405
0.270412,0.306575,0.234553,0.188460
0.270460,0.306445,0.234588,0.188507
0.270511,0.306320,0.234625,0.188545
0.270560,0.306199,0.234664,0.188577
0.270604,0.306081,0.234707,0.188609
0.270638,0.305966,0.234754,0.188641
0.270665,0.305856,0.234805,0.188673
0.270688,0.305751,0.234855,0.188705
0.270712,0.305648,0.234902,0.188738
0.270736,0.305542,0.234950,0.188772
0.270761,0.305430,0.235004,0.188805
0.270783,0.305314,0.235066,0.188836
0.270806,0.305196,0.235131,0.188867
0.270835,0.305072,0.235193,0.188899
0.270876,0.304938,0.235252,0.188934
0.270930,0.304787,0.235312,0.188971
0.270993,0.304625,0.235377,0.189005
0.271061,0.304457,0.235446,0.189036
0.271129,0.304286,0.235516,0.189070
0.271191,0.304111,0.235587,0.189112
0.271245,0.303932,0.235664,0.189159
0.271293,0.303753,0.235750,0.189205
0.271336,0.303575,0.235842,0.189246
0.271377,0.303402,0.235939,0.189282
0.271416,0.303239,0.236034,0.189312
0.271452,0.303088,0.236123,0.189337
0.271486,0.302953,0.236203,0.189358
0.271514,0.302837,0.236275,0.189373
0.271535,0.302741,0.236338,0.189385
0.271545,0.302664,0.236396,0.189395
0.271547,0.302598,0.236452,0.189403
0.271544,0.302536,0.236509,0.189411
0.271539,0.302473,0.236565,0.189422
0.271536,0.302411,0.236615,0.189438
0.271538,0.302354,0.236655,0.189453
0.271546,0.302302,0.236686,0.189466
0.271560,0.302252,0.236714,0.189474
0.271577,0.302201,0.236742,0.189480
0.271595,0.302149,0.236774,0.189482
0.271614,0.302099,0.236810,0.189478
0.271631,0.302053,0.236851,0.189465
0.271641,0.302012,0.236899,0.189448
0.271644,0.301974,0.236953,0.189429
0.271643,0.301933,0.237012,0.189412
0.271639,0.301900,0.237067,0.189394
0.271630,0.301882,0.237119,0.189369
0.271614,0.301879,0.237170,0.189337
0.271593,0.301885,0.237221,0.189301
0.271569,0.301893,0.237268,0.189270
0.271538,0.301898,0.237307,0.189257
0.271497,0.301901,0.237336,0.189266
0.271447,0.301904,0.237355,0.189294
0.271389,0.301911,0.237368,0.189332
0.271329,0.301915,0.237374,0.189382
0.271269,0.301907,0.237371,0.189453
0.271207,0.301885,0.237360,0.189548
0.271141,0.301852,0.237345,0.189662
0.271068,0.301812,0.237331,0.189790
0.270992,0.301763,0.237320,0.189926
0.270918,0.301705,0.237313,0.190064
0.270845,0.301641,0.237310,0.190204
0.270774,0.301573,0.237310,0.190343
0.270706,0.301503,0.237310,0.190482
0.270640,0.301427,0.237311,0.190621
0.270578,0.301348,0.237313,0.190761
0.270517,0.301265,0.237316,0.190901
0.270460,0.301180,0.237320,0.191040
0.270408,0.301090,0.237323,0.191179
0.270360,0.300998,0.237324,0.191318
0.270313,0.300905,0.237324,0.191457
0.270267,0.300815,0.237321,0.191597
0.270224,0.300722,0.237318,0.191736
0.270185,0.300626,0.237316,0.191874
0.270149,0.300525,0.237314,0.192012
0.270119,0.300420,0.237310,0.192151
0.270103,0.300309,0.237299,0.192289
0.270097,0.300192,0.237286,0.192425
0.270091,0.300076,0.237276,0.192557
0.270081,0.299973,0.237267,0.192680
0.270069,0.299886,0.237254,0.192791
0.270069,0.299814,0.237229,0.192889
0.270084,0.299751,0.237190,0.192975
0.270112,0.299687,0.237145,0.193056
0.270145,0.299620,0.237101,0.193134
0.270179,0.299552,0.237057,0.193212
0.270217,0.299484,0.237009,0.193289
0.270261,0.299412,0.236962,0.193364
0.270308,0.299334,0.236919,0.193440
0.270353,0.299249,0.236878,0.193520
0.270396,0.299160,0.236837,0.193607
0.270437,0.299065,0.236798,0.193699
0.270477,0.298963,0.236765,0.193795
0.270516,0.298857,0.236736,0.193891
0.270550,0.298755,0.236711,0.193984
0.270576,0.298666,0.236686,0.194072
0.270594,0.298596,0.236657,0.194153
0.270606,0.298547,0.236622,0.194224
0.270615,0.298520,0.236579,0.194286
0.270621,0.298511,0.236531,0.194337
0.270626,0.298514,0.236481,0.194379
0.270628,0.298519,0.236435,0.194418
0.270625,0.298526,0.236391,0.194458
0.270615,0.298542,0.236347,0.194496
0.270599,0.298569,0.236300,0.194532
0.270579,0.298598,0.236254,0.194568
0.270557,0.298618,0.236213,0.194612
0.270536,0.298624,0.236176,0.194664
0.270515,0.298616,0.236143,0.194726
0.270496,0.298598,0.236112,0.194794
0.270475,0.298577,0.236083,0.194865
0.270453,0.298557,0.236055,0.194935
0.270433,0.298538,0.236022,0.195007
0.270416,0.298513,0.235983,0.195089
0.270397,0.298480,0.235939,0.195184
0.270372,0.298440,0.235894,0.195294
0.270343,0.298397,0.235850,0.195411
0.270312,0.298352,0.235808,0.195528
0.270282,0.298306,0.235769,0.195643
0.270253,0.298256,0.235731,0.195761
0.270223,0.298199,0.235695,0.195883
0.270191,0.298142,0.235659,0.196008
0.270158,0.298087,0.235624,0.196131
0.270129,0.298028,0.235590,0.196253
0.270104,0.297962,0.235559,0.196375
0.270084,0.297892,0.235532,0.196493
0.270063,0.297826,0.235504,0.196608
0.270039,0.297769,0.235470,0.196721
0.270014,0.297729,0.235427,0.196830
0.269988,0.297706,0.235376,0.196931
0.269963,0.297694,0.235320,0.197022
0.269942,0.297690,0.235262,0.197106
0.269925,0.297688,0.235199,0.197188
0.269911,0.297685,0.235131,0.197273
0.269897,0.297678,0.235061,0.197364
0.269885,0.297677,0.234985,0.197452
0.269881,0.297694,0.234897,0.197528
0.269892,0.297734,0.234788,0.197586
0.269920,0.297798,0.234656,0.197627
0.269960,0.297880,0.234505,0.197655
0.270007,0.297969,0.234348,0.197675
0.270058,0.298059,0.234194,0.197690
0.270105,0.298151,0.234043,0.197702
0.270145,0.298255,0.233888,0.197712
0.270184,0.298374,0.233724,0.197718
0.270226,0.298506,0.233549,0.197719
0.270274,0.298641,0.233368,0.197717
0.270330,0.298774,0.233182,0.197713
0.270392,0.298909,0.232991,0.197708
0.270453,0.299056,0.232794,0.197697
0.270507,0.299217,0.232596,0.197680
0.270550,0.299390,0.232401,0.197659
0.270586,0.299570,0.232211,0.197634
0.270616,0.299753,0.232023,0.197608
0.270646,0.299935,0.231834,0.197585
0.270685,0.300111,0.231642,0.197562
0.270730,0.300290,0.231445,0.197535
0.270778,0.300480,0.231239,0.197503
0.270821,0.300688,0.231023,0.197467
0.270857,0.300913,0.230802,0.197428
0.270887,0.301150,0.230577,0.197386
0.270915,0.301390,0.230350,0.197345
0.270944,0.301625,0.230125,0.197306
0.270975,0.301855,0.229904,0.197266
0.271005,0.302082,0.229688,0.197225
0.271033,0.302308,0.229477,0.197181
0.271056,0.302535,0.229270,0.197138
0.271077,0.302761,0.229064,0.197098
0.271099,0.302984,0.228859,0.197059
0.271122,0.303206,0.228650,0.197022
0.271143,0.303435,0.228436,0.196986
0.271155,0.303677,0.228216,0.196952
0.271160,0.303935,0.227989,0.196917
0.271162,0.304205,0.227754,0.196880
0.271162,0.304476,0.227513,0.196848
0.271156,0.304742,0.227269,0.196833
0.271140,0.305007,0.227019,0.196834
0.271116,0.305282,0.226758,0.196844
0.271088,0.305572,0.226487,0.196853
0.271056,0.305878,0.226209,0.196856
0.271018,0.306197,0.225929,0.196856
0.270972,0.306519,0.225650,0.196858
0.270925,0.306837,0.225373,0.196865
0.270877,0.307156,0.225094,0.196873
0.270824,0.307484,0.224811,0.196882
0.270763,0.307822,0.224521,0.196894
0.270695,0.308167,0.224224,0.196914
0.270623,0.308509,0.223923,0.196946
0.270547,0.308842,0.223622,0.196989
0.270470,0.309164,0.223327,0.197039
0.270396,0.309478,0.223035,0.197092
0.270327,0.309779,0.222744,0.197150
0.270263,0.310067,0.222453,0.197218
0.270199,0.310344,0.222162,0.197295
0.270136,0.310617,0.221872,0.197375
0.270077,0.310890,0.221582,0.197451
0.270026,0.311168,0.221285,0.197521
0.269980,0.311457,0.220980,0.197583
0.269936,0.311763,0.220666,0.197635
0.269890,0.312083,0.220346,0.197681
0.269840,0.312409,0.220026,0.197725
0.269788,0.312736,0.219707,0.197769
0.269732,0.313067,0.219389,0.197811
0.269672,0.313399,0.219074,0.197854
0.269607,0.313727,0.218766,0.197900
0.269535,0.314053,0.218465,0.197946
0.269460,0.314379,0.218170,0.197992
0.269384,0.314701,0.217879,0.198036
0.269312,0.315015,0.217594,0.198079
0.269244,0.315322,0.217315,0.198120
0.269179,0.315622,0.217039,0.198159
0.269121,0.315920,0.216765,0.198194
0.269068,0.316218,0.216492,0.198222
0.269014,0.316515,0.216227,0.198244
0.268954,0.316815,0.215970,0.198261
0.268884,0.317125,0.215717,0.198274
0.268804,0.317453,0.215464,0.198279
0.268713,0.317805,0.215206,0.198275
0.268619,0.318177,0.214943,0.198261
0.268527,0.318558,0.214678,0.198237
0.268440,0.318934,0.214418,0.198208
0.268353,0.319303,0.214165,0.198180
0.268263,0.319671,0.213915,0.198150
0.268174,0.320050,0.213661,0.198115
0.268087,0.320442,0.213400,0.198071
0.268003,0.320844,0.213132,0.198021
0.267918,0.321250,0.212863,0.197970
0.267831,0.321652,0.212594,0.197923
0.267742,0.322049,0.212324,0.197885
0.267653,0.322439,0.212053,0.197854
0.267569,0.322823,0.211778,0.197830
0.267492,0.323197,0.211502,0.197808
0.267420,0.323570,0.211224,0.197786
0.267345,0.323947,0.210942,0.197766
0.267264,0.324329,0.210656,0.197751
0.267175,0.324713,0.210366,0.197746
0.267083,0.325097,0.210072,0.197748
0.266987,0.325474,0.209781,0.197758
0.266889,0.325844,0.209495,0.197773
0.266787,0.326210,0.209214,0.197789
0.266681,0.326580,0.208935,0.197804
0.266569,0.326966,0.208649,0.197816
0.266447,0.327375,0.208353,0.197825
